13 46 74 111 143 188 224 249 277 310 346 377 419 455 503 541 575 620 654 705 749 794 838
10203
408 399 400 10629 10520 10296 10500 10425
399 10240 10029 10405 10500
10073 10340 10060
10165
10168
399 400 10553 10500 10425
10578
401 399 10040 10211 10412 10474 10500
399 400 10480 10500 10425
398 399 400 10573 10411 10520 10500 10425
399 10368 10500
399 10629 10029 10376 10500
10203
398 399 400 10422 10411 10341 10500 10425
398 399 10389 10411 10571 10671 10671 10671 10132 10500
399 410 10481 10500 10413
10555
398 399 400 10168 10424 10411 10341 10500 10425
398 399 10659 10411 10571 10577 10671 10671 10132 10500
399 400 10480 10500 10425
402 399 410 10659 10319 10481 10500 10413
398 399 416 10422 10411 10672 10292 10671 10671 10132 10500 10324
10555
415 299 10469 10424 10328 10238
398 401 399 400 10422 10411 10650 10412 10252 10500 10425
401 399 10362 10412 10252 10500
10073 10340 10060
10071 10060
415 298 10501 10328 10558
10161
398 399 400 10422 10411 10520 10500 10425
399 400 10098 10500 10425
10346
399 10693 10398 10500
10693 10398
399 400 10056 10500 10425
10165
13 10056 10416 10411 10658 10060 10329
399 10336 10500
399 416 10655 10500 10324
10555
415 27 10422 10328 10579 10386 10060
10203
384 398 399 400 10426 10496 10411 10676 10500 10425
399 10026 10500
10689 10119
398 415 403 400 10197 10411 10357 10520 10328 10386 10060 10425
10118
413 403 10357 10399 10416 10367 10386 10060
10601
415 403 10267 10452 10328 10515 10060
399 400 10480 10500 10425
10555
415 44 10406 10408 10452 10328 10515 10060 10329 10425
398 10406 10411 10402
10555
398 399 400 10460 10411 10683 10500 10425
399 410 10250 10500 10413
10536 10340 10060
10536
399 410 10024 10500 10413
10578
398 403 10051 10411 10507 10408 10458 10060
413 415 403 10507 10416 10452 10328 10515 10060
399 410 10250 10500 10413
408 407 403 400 10520 10296 10464 10574 10060 10425
408 407 399 10661 10296 10464 10500
398 10313 10299 10411
189 10259 10060 10329
399 400 10480 10500 10425
10555
10249 10417 10246
225 403 10249 10417 10433 10060
10203
398 399 400 10404 10411 10676 10500 10425
401 399 416 10168 10156 10412 10344 10500 10324
10073 10340 10060
10451
10549
398 399 411 400 10452 10411 10683 10500 10352 10425
14 10515 10060 10329 10500 10352
398 14 10482 10119 10411 10153 10060 10329 10500 10352
10688
399 400 10076 10500 10425
189 10128 10060 10329
10547
413 414 188 10434 10045 10416 10570 10410 10456 10408 10458 10060 10352
404 188 400 10045 10430 10162 10143 10060 10352 10425
10594
413 415 188 10456 10416 10003 10328 10162 10590 10060 10352
402 188 10156 10408 10319 10458 10060 10352
10594
234 10426 10468 10500
10073
10275
10689 10119
404 188 416 10382 10583 10430 10658 10060 10352 10324
10594
399 10488 10500
10004
399 400 10482 10119 10500 10425
399 10689 10500
14 410 10482 10119 10051 10153 10060 10329 10500 10352 10413
188 416 10458 10060 10352 10324
401 413 188 10624 10412 10344 10416 10672 10538 10282 10060 10352
10688
13 416 10624 10014 10658 10060 10329 10324
399 416 10404 10500 10324
10404
10670
399 410 10250 10070 10500 10413
10118
10601
399 410 10402 10330 10500 10413
10546
417 10556 10415 10258
193 10418 10060 10449
398 404 399 400 10089 10119 10411 10124 10396 10430 10054 10500 10425
404 399 10171 10430 10054 10500
48 10088 10160 10408 10281 10060 10449 10425
10601
44 10652 10658 10060 10329 10425
399 416 10169 10500 10324
10203
398 406 399 400 10317 10411 10432 10055 10341 10500 10425
399 10279 10671 10132 10500
10014
415 529 27 10279 10671 10132 10563 10328 10568 10576 10579 10386 10060
10151
415 10577 10671 10132 10563 10328 10434 10576 10238
10089 10119
10317
10073
398 175 399 400 10440 10411 10529 10352 10500 10425
10578
401 398 399 411 416 10403 10412 10258 10411 10048 10556 10500 10352 10324
175 399 410 10378 10352 10500 10413
402 404 399 10031 10319 10258 10430 10646 10500
401 398 175 399 400 10675 10412 10195 10411 10481 10352 10500 10425
10165
14 10158 10481 10658 10060 10329 10500 10352
401 398 399 411 400 10482 10119 10412 10005 10411 10683 10500 10352 10425
10089 10119
401 415 191 10609 10412 10427 10328 10523 10416 10238
10089 10119
191 10042 10417 10238
413 410 423 398 81 416 10033 10416 10394 10417 10411 10307 10060 10329 10324
10093
415 188 10101 10328 10145 10060 10352
415 225 191 410 10101 10328 10208 10417 10433 10417 10238 10413
403 405 10276 10611 10060 10566
10594
10203
10089 10119
398 399 411 410 10051 10411 10509 10500 10352 10413
10578
401 415 424 399 400 10335 10077 10119 10412 10278 10328 10691 10601 10249 10500 10425
10578
399 416 10250 10500 10324
10073
403 10191 10027 10060
10089 10119
404 403 416 10088 10152 10430 10658 10060 10324
10688
399 400 10669 10500 10425
10578
10089 10119
188 405 410 10289 10408 10108 10060 10352 10566 10413
10555
398 423 10051 10411 10630 10408 10574 10417
403 10367 10386 10060
10168
10203
398 412 403 400 10214 10277 10411 10019 10478 10401 10458 10060 10425
10578
403 416 10458 10060 10324
10168
10393
191 10558 10614 10417 10238
10165
399 10170 10500
403 405 10191 10146 10060 10566
399 400 10480 10500 10425
10555
415 48 10605 10328 10208 10060 10449 10425
10431
10161 10203
398 401 401 399 400 10422 10411 10077 10119 10412 10446 10412 10003 10500 10425
10578
398 399 400 10077 10119 10411 10098 10500 10425
413 388 10422 10415 10449
401 398 415 475 192 188 10136 10412 10296 10411 10041 10328 10585 10417 10143 10060 10352
399 410 10011 10500 10413
398 399 10422 10411 10366 10500
401 192 403 10139 10412 10587 10408 10284 10417 10143 10060
404 423 10525 10430 10481 10417
399 410 10094 10500 10413
398 234 400 10422 10411 10426 10080 10500 10425
10578
398 192 403 10682 10411 10332 10386 10417 10143 10060
192 403 10326 10597 10408 10513 10416 10143 10060
404 403 10244 10430 10434 10045 10143 10060
399 10383 10020 10500
399 400 10480 10500 10425
10275
404 403 410 10273 10430 10143 10060 10413
10601
192 403 410 10402 10000 10417 10143 10060 10413
10578
403 405 10377 10259 10060 10566
10099 10119
415 192 403 400 10326 10520 10328 10386 10417 10143 10060 10425
402 192 189 10016 10520 10319 10386 10417 10143 10060 10329
10629
401 415 192 403 10077 10119 10412 10003 10328 10515 10417 10143 10060
399 400 10480 10500 10425
404 403 405 10047 10648 10430 10658 10060 10566
175 166 44 10231 10352 10515 10408 10153 10060 10329 10425
399 410 10250 10500 10413
402 45 399 400 10077 10119 10319 10224 10408 10458 10417 10319 10250 10500 10425
10179
10555
403 10191 10458 10060
10482 10119
413 415 44 10088 10339 10416 10265 10328 10386 10060 10329 10425
399 410 10250 10500 10413
404 403 400 10650 10430 10153 10060 10425
414 404 403 10077 10119 10410 10089 10119 10430 10153 10060
402 414 304 403 10689 10119 10319 10153 10410 10392 10060
10112
398 404 414 192 188 10112 10411 10355 10430 10658 10410 10678 10417 10143 10060 10352
399 410 10666 10500 10413
400 224 48 10520 10425 10208 10417 10458 10060 10449 10425
402 196 304 403 10520 10319 10143 10504 10410 10392 10060
399 410 10562 10500 10413
398 389 404 399 400 10089 10119 10411 10557 10386 10412 10430 10054 10500 10425
10578
413 403 10377 10630 10416 10472 10060
400 48 10520 10425 10338 10060 10449 10425
10555
415 476 191 10106 10328 10036 10417 10238
48 10103 10060 10449 10425
10275
10053 10623 10504 10238
402 414 192 188 405 10689 10119 10319 10153 10410 10678 10417 10143 10060 10352 10566
169 423 10503 10226 10417 10203
10555
10526
398 404 413 400 10689 10119 10411 10543 10430 10054 10415 10386 10425
399 400 10543 10500 10425
189 10158 10085 10060 10329
10601
398 175 414 192 188 10089 10119 10411 10047 10352 10410 10249 10417 10143 10060 10352
401 415 529 411 405 10543 10412 10195 10328 10029 10576 10105 10352 10566
166 44 10515 10408 10458 10060 10329 10425
10578
10522
186 399 400 10143 10419 10500 10425
399 10302 10500
408 405 408 294 10240 10029 10296 10566 10207 10296 10055 10500
399 411 410 10556 10500 10352 10413
253 401 399 416 10493 10417 10143 10408 10410 10411 10339 10514 10412 10045 10500 10324
399 400 10669 10500 10425
10578
10180
415 188 400 10107 10157 10215 10328 10259 10060 10352 10425
10165
192 189 10053 10259 10417 10143 10060 10329
193 10555 10035 10408 10458 10060 10449
10203
384 415 10426 10373 10328 10199 10238
10594
10239
415 414 415 10390 10328 10489 10410 10668 10328 10489
399 10029 10241 10321 10167 10132 10500
188 10161 10073 10340 10060 10352
169 188 410 10443 10226 10060 10352 10413
10578
10689 10119
398 403 400 10635 10411 10683 10386 10060 10425
400 440 399 404 10272 10425 10470 10408 10458 10442 10500 10430
192 189 10053 10639 10417 10143 10060 10329
399 410 10250 10500 10413
414 414 401 404 302 414 304 403 400 10272 10410 10470 10410 10372 10412 10306 10430 10250 10410 10392 10060 10425
10351
401 404 414 304 403 10470 10412 10306 10430 10454 10410 10392 10060
10601
398 401 398 414 192 188 416 10077 10119 10411 10272 10412 10315 10411 10148 10250 10410 10678 10417 10143 10060 10352 10324
399 400 10480 10500 10425
10180
398 403 400 10482 10119 10411 10676 10425 10408 10458 10060 10425
402 189 10676 10408 10319 10458 10060 10329
404 425 405 10632 10430 10504 10566
403 10216 10408 10143 10060
399 400 10480 10500 10425
10555
415 225 403 416 10482 10119 10408 10545 10328 10037 10417 10433 10060 10324
10546
10073
405 406 401 415 27 10193 10566 10597 10055 10675 10412 10517 10328 10579 10386 10060
10387
186 399 400 10143 10419 10500 10425
399 10516 10240 10596 10565 10500
414 401 404 403 404 10183 10410 10391 10412 10616 10430 10658 10060 10430
389 415 27 10183 10412 10328 10579 10386 10060
413 45 399 400 10484 10416 10050 10417 10319 10250 10500 10425
10594
406 422 403 400 10597 10055 10692 10448 10200 10060 10425
422 399 10434 10538 10448 10500
10320 10658 10624 10119
399 410 10441 10500 10413
398 399 411 400 10633 10411 10683 10500 10352 10425
175 10551 10529 10352 10624
413 415 432 10272 10416 10009 10328 10386 10209
415 188 10272 10557 10328 10259 10209 10386 10060 10352
399 410 10250 10500 10413
402 168 399 10362 10319 10440 10386 10114 10500
401 398 175 399 400 10229 10119 10412 10633 10411 10529 10352 10500 10425
399 411 10064 10064 10500 10352
450 188 404 10434 10565 10074 10465 10408 10458 10060 10352 10430
415 192 188 10276 10355 10328 10386 10417 10143 10060 10352
10229 10119
415 403 10202 10328 10476 10386 10060
398 399 10370 10411 10025 10119 10500
398 10025 10119 10411 10560
188 10087 10408 10153 10060 10352
10236
10236
10558 10251
10025 10119
398 413 400 10612 10411 10676 10416 10386 10425
401 399 10619 10412 10624 10500
399 400 10480 10500 10425
398 165 411 391 404 305 403 400 10099 10119 10411 10624 10408 10458 10352 10534 10430 10658 10060 10425
10165
189 10658 10060 10329
418 404 423 10149 10322 10258 10430 10658 10417
417 460 399 416 10556 10415 10235 10500 10324
414 413 399 10290 10410 10624 10416 10028 10500
398 401 399 400 10099 10119 10411 10676 10412 10612 10500 10425
399 10333 10500
191 10111 10626 10408 10153 10417 10238
402 399 416 10315 10319 10655 10500 10324
10522
168 399 10458 10114 10500
10689 10119
404 46 410 10280 10430 10658 10060 10329 10413
10351
404 204 10402 10134 10430 10518 10329 10500
411 204 400 10683 10386 10352 10329 10500 10425
415 415 166 411 204 10261 10202 10328 10313 10215 10328 10259 10408 10458 10352 10329 10500
411 206 414 304 403 10575 10259 10657 10352 10329 10415 10410 10392 10060
399 400 10169 10500 10425
10578
47 10023 10386 10504 10416 10238
10346
10086
411 404 302 399 416 10478 10408 10458 10352 10381 10430 10250 10500 10324
10093
404 204 10243 10430 10086 10329 10500
398 404 175 204 10261 10411 10134 10430 10086 10352 10329 10500
10346
399 400 10480 10500 10425
402 403 410 10002 10319 10658 10060 10413
399 410 10554 10500 10413
10168
401 404 439 10138 10379 10412 10641 10430 10658 10159
425 204 404 10471 10386 10504 10499 10307 10504 10329 10500 10430
10029 10383 10565
425 404 302 211 10174 10386 10504 10381 10430 10250 10500 10449
188 10349 10060 10352
398 415 413 10051 10411 10058 10328 10623 10416
410 191 10024 10394 10417 10238
10594
188 10073 10340 10060 10352
10426 10531 10408
10594
399 10453 10494 10500
10362
414 403 10025 10081 10410 10130 10060
401 415 411 204 404 10355 10300 10412 10599 10328 10515 10352 10329 10500 10430
399 400 10480 10500 10425
10555
423 10506 10417
48 10141 10060 10449 10425
458 403 400 10051 10375 10408 10153 10337 10060 10425
398 425 204 404 10051 10411 10402 10662 10504 10329 10500 10430
428 414 304 403 10088 10415 10662 10410 10392 10060
399 400 10480 10500 10425
398 399 400 10051 10411 10400 10500 10425
10555
401 398 399 400 10088 10412 10631 10464 10411 10683 10500 10425
399 410 10631 10500 10413
188 10349 10060 10352
398 404 204 400 10081 10119 10411 10076 10214 10355 10408 10342 10426 10430 10658 10329 10500 10425
209 399 405 10047 10480 10500 10566
417 394 10287 10415 10045 10408 10294 10423
402 394 10368 10319 10295 10423
413 411 391 404 305 403 400 10645 10416 10264 10352 10534 10430 10658 10060 10425
10594
411 391 404 305 403 10624 10415 10386 10352 10534 10430 10658 10060
405 458 403 400 10088 10566 10103 10205 10060 10425
10594
10251 10579 10386 10060
191 10069 10417 10238
10071 10060
10431
10228 10093
10025 10119
413 415 192 204 400 10216 10416 10355 10328 10386 10417 10143 10329 10500 10425
10578
192 403 10434 10095 10408 10383 10565 10264 10417 10143 10060
399 400 10480 10500 10425
404 399 400 10098 10430 10655 10500 10425
404 404 403 416 10214 10621 10430 10177 10595 10430 10658 10060 10324
209 399 410 10655 10480 10500 10413
10555
220 403 10259 10417 10602 10060
401 398 404 414 304 403 400 10591 10412 10588 10411 10520 10430 10250 10410 10392 10060 10425
10118
398 415 476 192 405 10482 10119 10411 10102 10175 10268 10328 10345 10417 10143 10566
415 449 399 400 10268 10328 10218 10352 10683 10500 10425
398 53 410 10389 10411 10250 10561 10634 10060 10329 10413
10482 10421
10594
10422
10688
10031 10408
10161 10073
45 10385 10417 10319 10250
10188
10546
417 10600 10415 10268
389 404 175 206 10129 10412 10430 10447 10352 10329 10415
404 428 385 10689 10430 10358 10415 10412
10188
53 405 476 220 423 10625 10561 10634 10504 10566 10345 10417 10602 10417
416 10537 10250 10324
10073
209 417 399 410 10548 10480 10415 10268 10500 10413
10422
404 411 204 10689 10430 10142 10352 10329 10500
192 403 416 10377 10068 10417 10143 10060 10324
402 404 473 10031 10319 10667 10430 10447 10505
398 415 402 411 204 416 10089 10119 10411 10617 10328 10240 10615 10319 10105 10352 10329 10500 10324
398 10025 10119 10411
398 451 14 10031 10411 10434 10615 10181 10105 10060 10329 10500 10352
405 10303 10119 10566
473 10438 10505
10601
398 404 398 399 416 10089 10119 10411 10091 10090 10430 10411 10509 10500 10324
10091 10090
10578
401 398 415 425 204 416 10514 10412 10045 10411 10613 10240 10207 10565 10408 10642 10328 10386 10504 10499 10307 10504 10329 10500 10324
10482 10421
401 10111 10412 10633
10636 10658
10212
10016
10076
401 401 243 280 206 429 10099 10119 10412 10333 10412 10399 10408 10458 10449 10410 10392 10483 10329 10415 10606
425 10224 10408 10458 10504
385 10250 10412
10188
404 10099 10119 10430
402 423 414 423 411 405 10482 10421 10319 10479 10417 10410 10249 10483 10352 10566
10555
10458
401 10466 10412 10538
219 416 10092 10417 10115 10324
10073
10555
10362
219 10099 10119 10408 10583 10386 10417 10115
411 405 10024 10123 10352 10566
425 10402 10512 10386 10504
10188
10676 10408 10458
398 10477 10411 10683
417 428 416 10028 10415 10456 10415 10324
428 410 10480 10415 10413
398 195 10157 10299 10411 10520 10408 10386
398 404 405 10333 10411 10473 10430 10655 10566
415 388 416 10052 10328 10259 10449 10324
10203
398 399 400 10477 10408 10458 10277 10411 10098 10500 10425
428 10477 10415
401 399 416 10032 10323 10412 10277 10500 10324
10073 10340 10060
10214 10266
45 399 400 10105 10417 10319 10250 10500 10425
10578
10558
10151
10422
401 399 404 10347 10412 10524 10510 10500 10430
175 10378 10352 10558
10422
401 404 399 410 10604 10271 10572 10412 10225 10430 10658 10347 10500 10413
417 204 10088 10458 10636 10415 10329 10500
10161 10073
415 423 10654 10328 10539 10417
403 10593 10386 10060
10093
458 425 423 399 411 10051 10008 10408 10153 10205 10504 10417 10203 10500 10352
411 204 400 10683 10386 10352 10329 10500 10425
10490
423 10110 10386 10417
411 204 10466 10408 10521 10352 10329 10500
10203
399 416 10107 10383 10206 10220 10500 10324
415 449 399 400 10198 10424 10328 10037 10352 10683 10500 10425
10594
10168
10093
415 406 1 10598 10328 10088 10055 10282 10417 10143 10352 10074 10060 10329 10425
415 411 404 425 204 10598 10328 10178 10352 10127 10430 10504 10329 10500
188 410 10173 10060 10352 10413
414 399 410 10658 10410 10249 10500 10413
10203
415 411 204 404 10127 10328 10436 10352 10329 10500 10430
399 400 10124 10127 10500 10425
422 399 10214 10448 10012 10127 10500
415 408 10466 10328 10528 10013
411 414 304 204 404 10145 10352 10410 10392 10329 10500 10430
10428 10687
191 10402 10282 10417 10238
423 220 403 10583 10386 10417 10234 10417 10602 10060
10025 10119
398 188 400 10127 10411 10658 10060 10352 10425
10594
404 214 411 204 10530 10119 10430 10364 10417 10142 10352 10329 10500
175 204 410 10378 10352 10329 10500 10413
10422
399 10598 10500
169 423 399 411 10503 10226 10417 10203 10500 10352
10165
192 403 410 10377 10325 10417 10143 10060 10413
10578
215 188 405 10530 10119 10408 10338 10417 10105 10060 10352 10566
10482 10119
399 410 10441 10500 10413
411 10440 10587 10408 10270 10386 10352 10118
403 10395 10340 10060
10073 10340 10060
188 400 10107 10354 10408 10078 10060 10352 10425
10578
401 95 169 188 10601 10474 10412 10296 10408 10222 10417 10551 10459 10226 10060 10352
401 404 425 204 10586 10412 10538 10430 10043 10504 10329 10500
399 410 10509 10500 10413
401 401 398 404 10362 10412 10202 10412 10587 10411 10633 10430 10511
415 15 209 399 416 10685 10328 10386 10504 10417 10319 10249 10480 10500 10324
399 416 10184 10500 10324
401 398 402 394 10031 10412 10587 10411 10633 10319 10462 10423
402 394 10196 10319 10334 10423
399 10021 10500
200 204 400 10587 10408 10253 10344 10408 10076 10457 10092 10504 10352 10329 10500 10425
449 10440 10587 10408 10253 10352
404 414 304 411 204 10440 10430 10325 10410 10392 10352 10329 10500
10581
413 411 416 10450 10416 10482 10119 10408 10506 10352 10324
404 190 423 425 429 10482 10119 10430 10653 10386 10417 10566 10066 10506 10483 10504 10606
428 411 10280 10415 10352
192 468 10097 10001 10417 10143 10137
10363 10207
451 410 192 425 209 428 416 10032 10538 10181 10394 10417 10143 10504 10480 10415 10324
398 428 473 10210 10049 10411 10509 10415 10505
10046
423 414 402 425 436 10459 10657 10417 10689 10410 10005 10386 10538 10319 10504 10122
400 10480 10425
428 449 10031 10415 10352
420 415 429 10354 10559 10667 10328 10010 10606
10168 10029 10045
400 473 10169 10425 10505
10025
398 10051 10411 10475 10421
413 458 425 209 428 10495 10416 10153 10205 10504 10480 10415
194 414 169 405 10034 10408 10226 10410 10459 10226 10566
416 10230 10324
10594
403 10069 10060
10061
404 192 405 10569 10408 10187 10430 10253 10417 10143 10566
219 423 10684 10417 10115 10417
10151
401 398 192 10584 10412 10083 10411 10283 10417 10143
10165
192 189 10283 10417 10143 10060 10329
48 10539 10060 10449 10425
10188
401 415 414 416 10487 10412 10015 10328 10467 10410 10283 10324
10594
10203
415 445 411 204 10360 10328 10075 10491 10352 10329 10500
10670
10247
399 10169 10500
10275
404 216 188 410 10497 10430 10647 10417 10694 10060 10352 10413
428 10669 10415
388 10683 10386 10449
10326 10191
415 225 403 10117 10328 10208 10417 10433 10060
398 401 474 413 10051 10411 10025 10412 10492 10416
411 416 10485 10352 10324
10165
175 399 410 10601 10677 10459 10352 10500 10413
398 404 390 212 10088 10411 10223 10430 10658 10329 10415 10449
415 444 389 398 428 410 10355 10328 10386 10544 10223 10408 10458 10412 10411 10509 10415 10413
10578
10154
445 204 416 10550 10386 10491 10329 10500 10324
402 401 398 415 411 416 10031 10319 10474 10412 10296 10411 10377 10008 10328 10618 10352 10324
60 473 10457 10367 10386 10297 10378 10352 10505
398 404 219 405 10312 10411 10031 10430 10281 10417 10115 10566
10555
403 10164 10593 10386 10060
10592 10500 10352
10592
10067
399 411 10201 10592 10500 10352
10488 10119
166 214 423 10018 10408 10153 10417 10142 10417 10073
415 228 411 390 450 414 10674 10407 10328 10631 10408 10493 10057 10415 10352 10329 10074 10410
445 423 410 10120 10491 10417 10413
10555
194 411 211 10426 10104 10408 10226 10352 10500 10449
428 429 10169 10415 10606
404 206 10402 10134 10430 10356 10483 10329 10415
10555
400 190 10520 10425 10603 10417 10566
194 403 400 10426 10221 10408 10226 10060 10425
10188
388 400 10480 10386 10449 10425
10071 10060
459 399 400 10520 10291 10121 10500 10425
399 10029 10045 10500
384 415 166 194 403 400 10426 10147 10328 10638 10408 10226 10060 10425
10165
412 10370 10401 10558
194 403 449 10274 10408 10226 10060 10352 10607 10238
406 214 423 10399 10055 10242 10417 10142 10417 10073
10165
398 236 423 188 10051 10411 10663 10386 10417 10238 10417 10073 10340 10060 10352
404 423 175 416 10163 10664 10430 10325 10417 10378 10352 10324
425 10402 10399 10408 10176 10504
10247
394 10107 10503 10423
402 194 192 211 405 10627 10319 10426 10633 10408 10226 10417 10143 10500 10449 10566
428 192 228 416 10214 10538 10415 10053 10042 10417 10143 10057 10415 10324
10601
398 219 403 10051 10411 10109 10386 10417 10115 10060
231 10627 10408 10251 10426 10444 10238
10203
415 411 204 404 10350 10214 10610 10039 10328 10037 10352 10329 10500 10430
404 425 399 10622 10430 10269 10504 10500
10204
10038 10172
10326
401 210 403 10131 10412 10535 10328 10508 10416 10286 10060
188 10426 10282 10194 10359 10060 10352
414 403 10059 10410 10130 10060
415 423 403 400 10610 10039 10328 10213 10417 10384 10060 10425
192 468 399 410 10673 10417 10143 10137 10500 10413
188 10593 10359 10060 10352
175 10254 10352
403 400 10135 10359 10060 10425
10555
10579 10386 10060
189 10155 10340 10060 10329
10326
495 404 189 439 10175 10096 10430 10340 10060 10329 10159
10029
1 10383 10095 10282 10417 10143 10352 10074 10060 10329 10425
398 10389 10411
10402
439 10138 10217 10408 10660 10159
455 168 204 404 10325 10297 10420 10386 10114 10329 10500 10430
399 400 10480 10500 10425
10310 10060 10352
14 10301 10155 10340 10060 10329 10500 10352
10203
418 437 398 400 1 10182 10140 10166 10375 10411 10676 10408 10658 10425 10656 10417 10143 10352 10074 10060 10329 10425
404 204 429 10266 10430 10658 10329 10500 10606
181 204 10349 10260 10329 10500
401 399 410 10365 10412 10375 10500 10413
401 415 449 403 416 10609 10412 10567 10328 10288 10408 10463 10352 10649 10060 10324
415 166 204 400 10365 10328 10037 10408 10458 10329 10500 10425
10578
415 280 304 192 204 10545 10408 10365 10328 10037 10449 10410 10392 10417 10143 10329 10500
194 403 416 10250 10545 10408 10226 10060 10324
10227
399 410 10527 10500 10413
415 192 403 400 10331 10328 10208 10417 10143 10060 10425
10165
192 411 405 10255 10416 10143 10352 10566
415 208 10331 10328 10208 10504 10416
445 411 204 10153 10491 10352 10329 10500
10555
406 193 10224 10408 10375 10055 10458 10060 10449
10161 10203
404 209 399 410 10605 10430 10679 10480 10500 10413
232 403 10426 10208 10386 10060
10073
10303 10119
399 10509 10500
458 188 10637 10408 10253 10337 10060 10352
10688
400 458 411 204 400 10520 10425 10680 10337 10352 10329 10500 10425
414 413 448 411 402 46 10437 10410 10293 10416 10361 10352 10632 10319 10658 10060 10329
10651
411 404 302 399 416 10429 10408 10502 10386 10352 10381 10430 10250 10500 10324
398 475 218 411 204 400 10072 10411 10585 10417 10658 10352 10329 10500 10425
10189
398 413 449 10608 10411 10623 10416 10574 10352
415 475 411 49 192 425 204 10072 10328 10585 10352 10425 10683 10425 10377 10690 10417 10143 10504 10329 10500
10555
408 407 411 400 192 403 400 10520 10296 10464 10574 10352 10425 10690 10417 10143 10060 10425
428 411 405 10542 10415 10352 10566
10304
407 399 10434 10405 10464 10500
398 10637 10411
411 204 410 10533 10253 10352 10329 10500 10413
10578
10190
404 428 411 439 10540 10430 10285 10415 10352 10237
411 204 10343 10386 10352 10329 10500
192 458 423 10394 10417 10143 10414 10408 10637 10408 10253 10337 10417
404 200 204 400 10654 10430 10283 10504 10352 10329 10500 10425
10203
10025 10119
401 405 404 188 416 10006 10412 10414 10408 10429 10566 10583 10430 10658 10060 10352 10324
404 411 439 10552 10430 10113 10352 10159
207 209 399 10429 10408 10153 10417 10447 10480 10500
10073 10340 10060
175 10378 10352
10151
415 172 188 405 10072 10328 10374 10386 10060 10352 10566
10558
399 411 410 10677 10509 10500 10352 10413
10578
10601
474 413 10469 10492 10416
391 402 305 188 10250 10534 10319 10658 10060 10352
417 210 432 10339 10287 10415 10256 10328 10142 10209
411 204 10348 10417 10142 10209 10386 10352 10329 10500
398 404 423 10025 10119 10411 10250 10202 10430 10162 10143 10417
399 410 10263 10500 10413
10232
386 10367 10386 10455
398 404 463 192 425 399 10262 10411 10065 10644 10430 10658 10248 10066 10367 10386 10417 10143 10504 10500
10589
10362
417 206 405 10107 10240 10397 10415 10329 10415 10566
219 423 416 10082 10486 10417 10115 10417 10324
10326
219 455 10069 10417 10115 10297
423 10250 10211 10408 10178 10417
194 206 405 10335 10541 10408 10226 10329 10415 10566
10362
15 10016 10211 10408 10662 10504 10417 10319 10250
414 398 415 466 213 168 385 10150 10410 10589 10411 10192 10328 10250 10211 10408 10458 10194 10417 10218 10114 10412
401 243 428 411 405 10589 10412 10399 10411 10030 10415 10352 10566
466 214 200 385 416 10211 10408 10458 10194 10417 10142 10504 10352 10412 10324
411 10349 10352
411 10349 10352
10469 10664
402 411 10107 10520 10369 10319 10234 10352
402 401 408 10689 10319 10136 10412 10296
428 411 10129 10311 10415 10352
10353 10428
398 175 429 10210 10314 10411 10133 10352 10606
404 411 217 10435 10519 10430 10658 10352 10425 10409
401 10399 10412 10314
428 414 304 399 10402 10580 10415 10410 10392 10500
391 425 416 10532 10534 10504 10324
53 429 10402 10498 10561 10634 10504 10606
401 391 415 192 206 416 10232 10388 10412 10534 10328 10023 10386 10417 10143 10329 10415 10324
401 10399 10412 10232 10388
417 463 423 10564 10415 10248 10459 10417
404 425 468 10066 10628 10538 10430 10504 10137
402 428 429 10244 10319 10509 10415 10606
402 428 414 304 416 10314 10319 10509 10415 10410 10392 10324
466 432 10186 10408 10458 10194 10209
415 432 10017 10328 10185 10209
404 212 473 10632 10430 10200 10415 10449 10505
402 401 408 10482 10421 10319 10244 10412 10296
423 411 10232 10388 10412 10380 10408 10186 10408 10461 10483 10352
398 413 411 10031 10411 10308 10628 10416 10352
401 402 10586 10412 10244 10408 10319
466 213 168 473 10116 10628 10194 10417 10218 10114 10505
10601
413 415 389 398 209 428 410 10087 10416 10244 10328 10309 10412 10411 10509 10480 10415 10413
404 425 169 414 169 410 10689 10430 10143 10504 10226 10410 10438 10226 10413
10601
415 449 10044 10211 10328 10653 10386 10352
225 403 405 10063 10087 10408 10007 10417 10433 10060 10566
10150
10589
194 188 10677 10084 10408 10226 10060 10352
10681
402 404 423 10362 10126 10319 10689 10430 10143 10417
175 416 10048 10529 10352 10324
222 10217 10408 10574 10417 10319
401 391 415 208 410 10362 10126 10412 10534 10328 10145 10504 10416 10413
10179
402 191 10139 10408 10319 10626 10408 10153 10417 10238
10555
398 247 195 388 400 10214 10582 10411 10139 10408 10458 10534 10408 10386 10449 10425
426 410 10250 10327 10413
10214 10434 10665
417 391 404 305 411 410 10287 10415 10534 10430 10658 10352 10413
209 10480 10480
401 408 458 411 10005 10412 10296 10377 10445 10337 10352
404 401 415 423 10031 10430 10695 10412 10062 10328 10686 10417
10335
458 432 10305 10643 10337 10209
404 411 415 466 458 423 10482 10421 10430 10472 10352 10557 10328 10259 10316 10205 10417
415 432 10134 10328 10100 10209
411 408 10439 10224 10408 10219 10352 10296
458 411 10640 10137 10022 10125 10337 10352
398 415 458 423 10168 10296 10411 10620 10328 10233 10337 10417
175 10086 10352
404 405 10371 10430 10257 10566
402 172 411 410 10079 10319 10378 10386 10352 10413
428 410 10601 10339 10250 10318 10415 10413
10555
413 410 10280 10415 10413
10188
402 10482 10421 10319
423 175 10482 10421 10408 10294 10417 10677 10378 10352
209 417 208 10532 10245 10480 10415 10144 10386 10504 10416
10349 10483
10555
197 10298 10458 10504 10499
404 423 225 406 10689 10430 10653 10386 10417 10087 10408 10007 10417 10433 10055
192 405 10282 10417 10143 10566
