21 41 58 79 102 126 149 173 195 218 240 270 291 321 355 385 409 434 463 489 521 561 592 624 652 679 712 740 777 807 841 871 901 931 961 998 1025 1056 1087 1116 1149 1183 1213 1246 1286 1319 1351 1393
401 399 400 11005 10147 10639 10230 10180 10807 10659
10966
399 10230 10807
399 400 10594 10180 10807 10659
399 10594 10807
10356
10438 10386 10939 10601 10088
10356
399 10230 10807
10594 10180
10495
399 400 10796 10180 10807 10659
10240
398 13 10551 10638 10796 10645 10638 11061 10088 10767
399 10049 10807
399 400 10049 10180 10807 10659
10233 10301
10240
10438 10386
399 10594 10807
10438 10386 10939 10601 10088
10594 10180
398 399 400 10098 10638 10839 10807 10659
399 400 10652 10807 10659
401 399 10703 10639 10002 10807
398 399 400 10321 10460 10638 10899 10807 10659
401 399 10551 10639 10642 10807
398 234 400 10081 10638 10660 10172 10807 10659
399 11082 11079 10026 10807
10230 10180
10652
10438
11052
399 400 10839 10807 10659
234 10660 10744 10807
10815
401 399 400 10006 10639 10812 10807 10659
10554
401 399 11005 10639 10812 10807
401 399 11109 10639 10697 10619 10807
10233 10108 10513 10088
398 399 10322 10638 10870 10807
398 399 10036 10638 10686 10807
398 399 400 10246 10585 10638 10864 10807 10659
399 400 10094 10807 10659
398 399 10033 10638 10094 10807
398 399 400 10246 10585 10638 10839 10807 10659
402 399 10033 10484 10094 10807
401 398 10094 10639 10036 10638
401 398 399 10094 10639 10036 10638 10617 10807
398 399 400 10926 10638 11083 10807 10659
399 10777 10807
401 501 399 10746 10576 10639 11079 10053 10807
401 398 399 400 10154 10639 10407 10638 11083 10807 10659
399 400 10407 10807 10659
399 11088 10807
399 400 10518 10807 10659
399 11082 11077 11077 10193 10807
10230 10180
398 403 400 10336 10638 11083 10634 11061 10088 10659
10661 11104
399 10322 10807
404 403 400 10497 10634 10714 10665 11061 10088 10659
10554
414 401 404 403 11005 10637 10523 10639 10714 10665 11061 10088
401 398 399 11005 10639 10714 10638 10322 10807
401 398 399 410 10523 10639 10714 10638 10322 10807 10640
10554
399 10770 10807
401 401 401 404 403 11005 10639 10714 10639 10036 10634 10523 10639 10714 10665 11061 10088
401 398 399 400 10230 10180 10639 11011 10638 10898 10807 10659
401 398 399 10551 10639 11011 10638 10286 10807
383 402 399 400 10573 10703 10484 10286 10807 10659
10240
398 399 10551 10638 10664 10807
383 398 399 400 10573 10668 10638 10898 10807 10659
398 403 10668 10638 10491 10634 10208 10088
383 398 10573 10564 10638
404 403 10630 10634 10145 10665 10208 10088
10230 10180
401 501 398 186 399 400 10594 10180 10639 10213 10509 10638 10208 10648 10807 10659
401 399 10252 10639 10952 10807
408 405 399 400 10839 10485 11018 10807 10659
408 405 399 10937 10485 11018 10807
10049 10180
10135
408 399 400 10405 10839 10485 10807 10659
408 234 11078 11077 10485 11078 11082 10592 10807
399 410 10895 10807 10640
10301
10465
188 10942 11066 10485 10634 10055 10088 10651
398 403 400 10049 10180 10638 10562 10839 10485 10634 10055 10088 10659
398 408 407 399 10587 10638 10428 10485 10732 10807
398 10594 10180 10638
398 408 407 399 10551 10638 10937 10485 10732 10807
398 403 400 10418 10580 10638 10839 10485 10634 10581 10088 10659
408 399 10444 10485 10807
408 405 408 406 403 10273 10444 10485 11018 10605 11082 10485 10077 10404 10088
398 10631 10638
398 189 10631 10638 10404 10088 10767
414 398 399 10631 10637 10393 10638 11014 10807
10594 10180
398 412 188 400 10456 10638 10839 10485 10634 10197 10626 10332 10088 10651 10659
10661 11104
407 399 10059 11078 11078 10283 10732 10807
188 400 10097 10332 10088 10651 10659
399 400 10186 10807 10659
399 10739 10807
406 413 188 10119 10077 10739 10645 10722 10088 10651
405 406 423 188 10714 11018 10197 10077 10525 10646 10332 10088 10651
398 10230 10180 10638
402 399 10551 10484 10739 10807
405 413 412 188 10714 11018 10186 10645 10620 10626 10332 10088 10651
188 400 10839 10485 10634 10332 10088 10651 10659
408 407 399 11078 11079 10485 10732 10807
10049 10180
398 188 400 10531 10638 10677 10332 10088 10651 10659
10240
414 412 188 10465 10637 10232 10634 10471 10626 10722 10088 10651
11052
399 400 10471 10807 10659
412 188 400 10839 10485 10634 10620 10626 10332 10088 10651 10659
401 408 399 10727 10639 11079 10485 10807
408 399 400 11079 10485 10807 10659
398 10098 10638 10963 10807 10651
10594 10180
399 400 11084 10227 10452 10807 10659
10966
414 403 10230 10180 10637 10232 10634 10722 10088
398 10465 10638
413 384 414 415 501 188 10870 10645 10660 10579 10637 10604 10498 10290 10088 10651
399 400 10587 10870 10807 10659
10240
398 418 413 400 415 403 10587 10638 10757 10205 10645 10757 10659 10329 10498 10395 10088
399 400 10770 10807 10659
10594 10180
398 418 412 403 400 10953 10638 10757 10205 10626 10722 10088 10659
10179
10901
10465
403 10965 10601 10088
10383 10646 10378
10775 10088
10301
415 299 10671 10451 10498 10357
398 10594 10180 10638
402 415 299 10551 10484 10098 10498 10357
10464 10088 10651
415 188 10195 10100 10180 10634 10945 10498 10157 10088 10651
401 399 400 10369 10018 10639 10514 10807 10659
10966
413 188 416 10159 10798 10645 10996 10088 10651 10492
186 399 400 10208 10648 10807 10659
401 399 10456 10639 10046 10807
403 400 10954 10996 10088 10659
10554
10939 10601 10088
398 413 403 10551 10638 10948 10645 10996 10088
188 10189 10088 10651
10594 10180
415 188 10885 10100 10180 10634 10948 10498 10157 10088 10651
398 188 400 10798 10638 10382 10088 10651 10659
10554
402 402 188 416 10798 10484 10948 10484 10382 10088 10651 10492
399 400 10770 10807 10659
175 399 10589 10651 10807
10594 10180
10652
10438
401 399 10614 10639 10002 10807
188 10524 10634 10100 10180 10634 10157 10088 10651
10108 10513 10088
10230 10180
398 399 10321 10325 10638 10627 11006 10807
11059
398 459 399 416 10098 10638 10373 10824 10807 10492
415 298 10652 10498 10438
398 399 10652 10638 10874 10384 10807
10594 10180
167 399 400 10153 10813 10807 10659
10240
399 10874 10384 10807
404 399 410 10061 10910 10665 10384 10807 10640
10230 10180
399 410 10280 10394 10807 10640
10554
10175
10230 10180
398 399 400 10098 10638 10839 10807 10659
10528
398 401 399 10652 10638 10763 10639 10547 10807
402 403 400 10594 10180 10484 11004 10088 10659
10554
167 399 410 10363 11054 10813 10807 10640
412 188 10456 10821 10626 10722 10088 10651
399 400 10821 10807 10659
401 398 399 411 400 10821 10639 10735 10638 10974 10807 10651 10659
399 411 10061 10903 10807 10651
10970
398 2 10834 10638 10363 10338 10020 11061 10088 10767 10807 10651
11052
401 399 10747 10874 10820 10639 10115 10807
399 411 10061 10808 10807 10651
452 398 399 410 10321 10998 10638 10338 10807 10640
10528
398 399 410 10953 10638 10701 10807 10640
10970
401 398 404 399 11014 10639 10920 10638 10401 11000 10665 10690 10807
399 416 10061 10808 10807 10492
399 400 10770 10807 10659
11063 10661
402 189 410 11044 10484 10208 10088 10767 10640
10179
10263
398 404 403 400 10321 10529 10634 10638 10068 10889 10665 11061 10088 10659
401 417 401 399 10224 10639 10039 10644 11110 10639 10327 10807
401 402 389 404 403 416 10529 10639 10566 10634 10484 10440 10060 10639 10665 11061 10088 10492
398 418 404 399 410 10614 10638 10864 10488 10420 10665 10690 10807 10640
10179
401 402 403 10336 10639 11031 10484 10235 11061 10088
418 402 403 400 10100 10180 10488 10230 10180 10484 10150 10221 10088 10659
10554
413 403 10884 10645 10223 10221 10088
398 404 189 405 10632 10638 10075 10665 10641 10088 10767 11018
399 10587 10739 10807
398 403 416 10441 10638 10079 10093 10221 10088 10492
399 400 10111 10807 10659
401 413 401 404 403 405 10321 10497 10639 10864 10645 10300 10639 10002 10200 10665 11061 10088 11018
401 384 398 404 399 400 10614 10639 10660 10744 10638 10839 10665 10384 10807 10659
10534
10179
403 410 10054 10088 10640
398 399 400 10198 10908 10638 10843 10807 10659
399 416 10061 10039 10807 10492
417 399 410 10903 10644 10117 10807 10640
10554
188 400 10476 10088 10651 10659
10966
10061
398 384 415 403 400 10100 10180 10638 10150 10660 10399 10498 11004 10088 10659
10554
384 398 399 405 10660 10399 10638 11037 10807 11018
403 416 10552 11004 10088 10492
414 414 10047 10637 10126 10399 10637
404 399 400 10898 10665 10076 10807 10659
402 399 10898 10484 10076 10807
10970
404 399 10123 10665 10932 10076 10807
398 404 403 410 10123 10638 10624 10968 10665 11061 10088 10640
404 399 400 10230 10180 10123 10665 10076 10807 10659
10240
398 420 401 404 302 399 10632 10638 10123 10911 10548 10639 10591 10665 10384 10807
10970
402 403 416 10047 10484 10150 11004 10088 10492
398 401 404 399 410 11109 10638 10604 10639 10072 10665 10690 10807 10640
10554
10351
10137 10728
467 10499 10793
403 10235 11061 10088
404 404 403 400 11113 10604 10665 10932 10968 10665 11061 10088 10659
399 10311 10351 10807
402 403 400 10594 10180 10484 10150 11004 10088 10659
10554
415 403 10425 10351 10498 11004 10088
415 403 10137 10728 10498 11004 10088
404 399 400 10898 10665 11054 10807 10659
402 399 416 10898 10484 11054 10807 10492
398 401 404 399 404 10632 10638 10137 10728 10639 10591 10665 10076 10807 10665
414 401 384 412 166 403 11084 10049 10180 10637 10497 10639 10660 10583 10626 11004 10634 10722 10088
402 399 400 10594 10180 10484 10232 10634 10974 10807 10659
11052
399 400 10384 10807 10659
10939 10601 10088
398 384 412 403 400 10049 10180 10188 10638 10321 10660 10583 10626 10150 10221 10088 10659
10554
398 501 422 403 10441 10638 10413 10634 11079 10305 10706 10221 10088
402 403 10632 10484 10150 10221 10088
10246 10713
10301
415 27 10596 10724 10498 10433 10939 10601 10088
404 399 400 10724 10665 11078 10610 11080 11077 11077 10193 10807 10659
398 384 402 402 399 10322 10638 10660 10399 10484 10477 10484 10504 10807
398 413 399 405 410 10361 10638 11082 10291 10645 11081 11077 11077 10193 10807 11018 10640
418 398 399 10289 10849 10488 10483 10638 11078 10809 11080 11082 11077 10193 10807
401 384 398 422 399 400 10586 10639 10660 10583 10638 10518 10706 10807 10659
398 400 399 410 10724 10638 10943 11078 10610 11081 11077 11077 10193 10659 11081 11082 11077 10193 10807 10640
398 422 399 416 10361 10638 11078 10291 11078 11082 11077 10193 10706 10807 10492
10901
398 399 410 10322 10638 10504 10807 10640
10796 10465
404 188 10136 10665 10641 10088 10651
401 399 410 10614 10639 10956 10807 10640
191 10627 10320 10646 10357
399 410 10417 10383 10807 10640
188 400 10402 10736 10088 10651 10659
413 415 423 10456 10336 10645 10759 10498 10107 10601 10646
188 10230 10180 10634 10320 10088 10651
10858
412 190 188 10197 10626 10332 10646 11018 10736 10088 10651
399 400 10770 10807 10659
399 410 10827 10807 10640
402 188 10002 10484 10641 10088 10651
10966
401 412 423 11084 10100 10180 10639 10545 10626 10722 10646
415 403 10002 10498 10012 10088
399 400 10770 10807 10659
402 5 10846 10002 10484 10835 10646 10357 10088 10767 10659
10594 10180
415 403 400 10159 10336 10498 10786 10088 10659
10966
413 415 190 403 10266 10645 11013 10498 10326 10646 11018 10722 10088
10901
401 415 452 403 410 10825 10209 10639 10497 10498 10999 10088 10640
404 10301 10665
415 191 10321 10010 10498 11093 10646 10357
10966
413 403 400 10024 10645 11093 10088 10659
10554
191 10770 10601 10646 10357
10005
399 10230 10807
188 10974 10601 10088 10651
404 403 10627 10941 10665 11061 10088
415 45 399 400 10953 10336 10498 10161 10645 10484 10384 10807 10659
10554
399 10262 10807
415 423 398 81 416 10363 11086 10498 10601 10646 10638 10461 10088 10767 10492
10966
188 10189 10088 10651
10246 10713
398 10796 10465 10638
413 415 192 403 10747 10765 11002 10645 10613 10498 10601 10646 10208 10088
403 10846 10700 10088
10939 10601 10088
188 400 10159 10617 10634 10722 10088 10651 10659
10240
399 10073 10807
10901
190 10617 10634 10722 10646 11018
191 10236 10161 10645 10357
10966
10108 10513 10088
399 410 11067 10807 10640
210 423 10717 10392 10498 10395 10646
415 191 10397 11069 10498 11114 10646 10357
423 398 81 416 10597 10804 10660 10537 10634 10334 10646 10638 10461 10088 10767 10492
188 10189 10088 10651
10795
415 403 10085 10498 11093 10088
423 10432 10634 10722 10646
191 10157 10646 10357
10108 10513 10088
10660 10865 10634
423 417 399 410 10691 10646 10903 10644 10585 10807 10640
10554
401 417 401 413 10126 10639 10039 10644 11100 11011 10639 10973 10645
401 455 399 10957 10639 10279 11056 10807
404 413 10350 10665 10519 10644
404 399 410 10756 10665 10060 10807 10640
401 404 417 268 403 410 10087 10639 10058 10665 10440 10644 11036 10634 10208 10088 10640
398 405 423 10322 10638 10714 11018 10251 10646
402 399 10745 10478 10484 10504 10807
401 404 403 405 10235 10639 10058 10665 10221 10088 11018
404 399 10087 10665 10366 10807
10244
10594 10180
398 403 400 10359 10669 10638 11061 10088 10659
191 10944 10601 10646 10357
192 403 10990 10308 10646 10208 10088
10778
398 399 404 10110 10638 10210 10807 10665
398 399 410 10472 10638 10061 10041 10807 10640
10554
404 423 10914 10665 10092 10646
404 423 10040 10665 10690 10646
399 10061 11058 10807
401 423 404 403 410 10940 10639 10840 10634 10343 10646 10691 10037 10665 11061 10088 10640
398 399 400 11063 10638 10839 10807 10659
10528
398 401 399 416 11063 10638 10365 10336 10639 10969 10807 10492
399 410 10141 10743 10807 10640
399 404 10743 10807 10665
398 13 416 10632 10638 10977 10020 11061 10088 10767 10492
398 415 188 400 10230 10180 10638 10839 10498 10939 10601 10088 10651 10659
414 399 10372 10637 10557 10807
399 400 10557 10807 10659
10554
168 399 10991 10472 10634 10503 10601 10170 10807
398 403 400 10415 10638 10208 10088 10659
10240
404 399 410 10089 10284 10665 10705 10807 10640
404 399 400 10068 10455 10665 10384 10807 10659
413 404 399 410 10506 10644 10292 10058 10665 10384 10807 10640
10901
398 399 400 10049 10180 10638 10974 10807 10659
10554
399 410 10627 10698 10807 10640
210 44 10717 10140 10498 10395 10088 10767 10659
10179
404 399 400 10839 10665 10384 10807 10659
424 399 416 10839 10970 10383 10807 10492
10901
384 398 399 400 10660 10867 10638 10974 10807 10659
384 415 192 403 10384 10660 10583 10498 10122 10646 10208 10088
193 10777 10634 10722 10088 10713
384 10660 10867
168 399 10505 10395 10170 10807
10230 10180
398 501 403 400 10953 10638 10235 10290 10088 10659
10554
398 404 169 403 405 10298 10638 10014 10665 10504 10339 10088 11018
423 501 403 10328 10646 10290 10088
422 169 403 400 11113 10706 10504 10339 10088 10659
401 400 194 403 10943 10342 10639 11080 10510 10659 10409 10634 10339 10088
399 400 10409 10807 10659
402 404 169 188 10632 10484 10582 10014 10665 10705 10339 10088 10651
414 414 10817 10637 10650 10637
404 399 400 10898 10665 10384 10807 10659
404 302 399 410 10343 10591 10665 10384 10807 10640
403 416 10150 10099 10088 10492
399 400 10770 10807 10659
10901
195 403 10652 10634 10601 10088
401 399 10985 10611 10083 10639 10878 10807
384 172 403 416 10836 10660 10504 10601 10088 10492
194 403 405 10203 10937 10485 10634 10339 10088 11018
404 403 10611 10083 10665 10581 10088
10611 10083
10554
405 408 406 169 403 10747 11018 10428 10485 10077 10721 10504 10339 10088
10983
193 10722 10088 10713
10230 10180
399 405 10104 10807 11018
399 10627 10032 10807
15 399 416 10029 10601 10813 10646 10484 10384 10807 10492
398 399 405 10322 10638 10694 10561 10807 11018
10049 10180
10230 10180
191 10435 10646 10357
47 10663 10634 10722 10813 10645 10357
15 399 416 10391 10813 10646 10484 10384 10807 10492
402 403 405 10632 10188 10484 10236 10636 10088 11018
10594 10180
398 399 400 10287 10638 10974 10807 10659
402 188 404 10839 10572 10484 10271 10088 10651 10665
399 10061 10060 10807
399 400 10770 10807 10659
194 188 416 11029 10917 10634 10339 10088 10651 10492
399 400 11074 10807 10659
10970
194 168 399 10721 10917 10634 10339 10170 10807
10901
425 455 16 410 10721 10751 10601 10813 10450 10339 10088 10767 10640
403 400 10954 10636 10088 10659
10966
398 45 399 400 10166 10638 10663 10634 10636 10646 10484 10384 10807 10659
399 416 10384 10807 10492
495 401 398 47 10970 10187 10872 10639 10561 10634 10638 10334 10813 10645 10357
399 10249 10807
47 10029 10601 10813 10645 10357
10594 10180
398 412 403 400 10113 10638 11109 10626 10332 10088 10659
10240
401 404 399 405 10747 10126 10639 11015 10665 10296 10807 11018
189 10332 10088 10767
10901
400 412 44 10232 10634 11083 10659 10626 10722 10088 10767 10659
401 412 193 416 10286 10639 11111 10017 10626 10722 10088 10713 10492
401 415 391 404 303 403 416 11109 10639 10695 10498 10208 10868 10665 10641 10088 10492
398 399 411 400 10906 10638 10974 10807 10651 10659
175 399 416 10061 11054 10651 10807 10492
398 10921 10938 10638
398 415 391 404 303 403 400 10594 10180 10638 10938 10498 10755 10868 10665 10641 10088 10659
10554
413 398 401 413 415 403 10418 10645 10638 10113 10639 10524 10634 10703 10862 10645 10938 10498 10755 10088
401 398 404 399 199 10288 10639 10938 10638 10799 10665 11054 10807 10492 10640
402 391 404 303 403 400 10230 10180 10484 10755 10868 10665 10641 10088 10659
10554
10262
401 398 210 198 405 10551 10639 10522 10638 11054 10392 10498 10755 10868 10807 11018
399 400 11074 10807 10659
10901
191 10772 10168 10601 10646 10357
399 416 10384 10807 10492
404 10594 10180 10665 10936 10601 10524 10634
191 10505 10232 10634 10620 10634 10221 10646 10357
48 10118 10391 10088 10713 10659
425 404 302 399 405 10182 10813 10591 10665 10384 10807 11018
193 10770 10601 10088 10713
10263
398 415 403 400 10230 10180 10638 10150 10781 10498 10835 10088 10659
401 413 11015 10639 10448 10645
400 166 411 391 404 305 403 10839 10572 10659 10835 10634 10722 10651 10868 10665 11061 10088
398 408 399 410 10933 10638 11066 10485 10467 10807 10640
398 403 400 10822 10638 10974 10601 10088 10659
415 411 413 10781 10498 10835 10651 10448 10645
403 400 10395 10088 10659
10563
400 403 400 10835 10524 10634 10839 10659 10395 10088 10659
10179
415 48 10124 10878 10634 10822 10498 10601 10088 10713 10659
10554
399 416 10384 10807 10492
10901
423 384 415 411 404 302 399 410 10947 10722 10646 10660 10579 10498 10290 10651 10591 10665 10384 10807 10640
398 14 404 10389 10638 10189 10088 10767 10807 10651 10665
175 399 10061 10589 10651 10807
10179
193 10465 10634 11085 10601 10088 10713
10554
402 399 404 10074 10484 10384 10807 10665
402 399 410 10781 10484 10280 10807 10640
398 415 411 391 404 305 403 400 10230 10180 10638 10074 10498 10835 10651 10868 10665 11061 10088 10659
10240
402 46 10670 10572 10484 11061 10088 10767
168 399 410 10772 10835 10170 10807 10640
10901
412 415 166 191 10505 10418 10626 10074 10498 10835 10634 10221 10646 10357
10005
399 10230 10807
10230 10180
450 414 10239 10109 10637
10528
10239 10436
411 385 10974 10601 10651 10639
405 411 10624 10084 11018 10810 11061 10651
405 10084 10436 11018
10315
426 416 10813 10750 10492
10111
10084
412 10166 11109 10626 10794 10028
10175
385 10402 10722 10639
428 416 10059 10079 10644 10492
410 10443 10640
401 11109 10639 11083
398 422 10842 10638 11113 10706
10418 10028
398 400 217 10842 10638 11081 11070 10659 11082 11070 10659 10635
426 410 10141 10883 10750 10640
413 385 10084 10436 11078 10058 10645 10722 10639
10482
402 428 416 10069 10484 10232 10644 10492
501 415 429 10206 10216 10509 10498 10601 10975
398 217 10106 10638 10974 10659 10635
10661 11104
398 404 429 10258 10638 11017 10665 11061 10975
398 416 10098 10859 10638 10249 10492
411 10189 10651
10901
416 10093 10810 10601 10492
384 405 399 400 10660 10300 11018 10807 10659
10230 10180
10244
188 10189 10088 10651
10554
401 2 405 10587 10639 10779 10020 11061 10088 10767 10807 10651 11018
10230 10180
415 400 188 400 10839 10498 10290 10659 10918 10088 10651 10659
398 399 400 10325 10638 10974 10807 10659
399 410 10384 10807 10640
10970
167 399 400 10092 10813 10807 10659
432 432 10092 10494 10504 10494
403 10440 11061 10088
10244
428 10770 10644
415 423 10881 10498 10290 10646
404 403 416 10632 10665 10755 10088 10492
401 398 399 411 400 10126 10639 10590 10638 10974 10807 10651 10659
432 415 423 10763 10634 10334 10494 10781 10498 10835 10494 10601 10646
175 399 10061 10031 10651 10807
186 400 188 400 10573 10668 10634 10208 10648 10332 10659 10768 10088 10651 10659
10966
398 413 188 10456 10642 10638 10948 10645 10768 10088 10651
383 398 404 403 400 10573 10668 10638 10948 10665 10641 10088 10659
398 403 404 10642 10638 10641 10088 10665
398 400 399 410 10558 10638 10945 10659 10010 10807 10640
412 411 10418 10626 10332 10651 10448
403 400 10974 10601 10088 10659
422 168 399 410 11078 10139 10706 10161 10170 10807 10640
404 175 399 405 10113 10634 11014 10665 10813 10651 10807 11018
415 403 400 11014 10634 10839 10498 10601 10088 10659
403 400 10688 10634 10722 10088 10659
49 10688 10634 10722 10659 10974 10659
189 10189 10088 10767
432 10458 10300 10634 10819 10494
403 10822 10634 10722 10494 10601 10088
234 410 11041 10660 11009 10807 10640
188 10108 10513 10088 10651
194 188 10175 10120 10634 10339 10088 10651
465 10574 10331
399 411 404 10733 10878 10807 10651 10665
175 399 416 10061 10031 10651 10807 10492
398 399 404 10465 10638 10923 10472 10807 10665
414 192 188 416 10594 10180 10634 10386 10637 10261 10646 10208 10088 10651 10492
399 400 10770 10807 10659
231 10438 10796 10465 10634 10386 10660 10700 10357
10554
403 10001 10700 10088
10652
399 10325 10807
404 411 204 404 10632 10665 10755 10651 10767 10807 10665
10438
404 411 204 400 10230 10180 10665 10755 10651 10767 10807 10659
399 410 10897 10807 10640
10108 10513 10088
10230 10180
10049 10180
412 191 10772 10418 10626 10221 10646 10357
10554
403 10001 10722 10088
415 193 10166 10074 10498 10835 10088 10713
10594 10180
384 413 10660 10430 10644
402 412 168 414 304 403 10441 10484 10772 10418 10626 10722 10170 10637 10606 10088
10594 10180
415 423 10438 10437 10498 10879 10646
10869
398 413 193 10166 10638 10418 10645 10819 10088 10713
398 399 411 410 10953 10319 10864 10638 10922 10987 10894 10807 10651 10640
10554
422 191 11078 10875 10706 10864 10634 10313 10646 10357
269 193 10236 10832 11036 10498 10555 10088 10713
417 399 410 10141 10677 10644 10493 10807 10640
398 414 415 413 10652 10638 10608 10637 10418 10682 10498 11095 10449 10493 10645
406 409 422 399 10682 10077 10943 11080 11077 10592 10706 10807
10244
10652
401 399 410 10126 10639 10052 10807 10640
10966
399 10770 10807
401 411 399 10783 10639 10300 10634 10157 10651 10806 10807
401 404 417 204 400 10126 10639 10052 10665 10076 10644 10767 10807 10659
10554
399 11037 10807
398 401 404 417 404 403 416 11109 10634 10638 10126 10639 10052 10665 10076 10644 10058 10665 10235 10208 10088 10492
398 399 400 10033 10634 11061 10675 10454 10585 10638 10839 10807 10659
398 411 399 410 11063 10638 10624 10641 10651 10585 10807 10640
11038 10180
192 403 400 10122 10646 10208 10088 10659
10528
398 401 399 416 11063 10638 10569 10639 10588 10112 10807 10492
404 169 188 410 11029 10884 10665 10690 10339 10088 10651 10640
10554
192 398 399 404 10747 10048 10646 10208 10493 10638 10160 10307 10162 10807 10665
398 403 10321 10628 10638 10150 10769 10601 10088
398 413 404 399 405 410 10160 10307 10162 10638 10418 10645 10218 10658 10105 10665 10690 10493 10807 11018 10640
403 423 10151 10088 10646
399 11005 10807
10356
399 10049 10807
10386 10939 10601 10088
398 401 404 425 204 410 10126 10638 10578 10639 10400 10665 10813 10767 10807 10640
10554
417 204 10770 10644 10767 10807
10116
389 415 403 10442 10578 10601 10639 10498 10211 10088
413 398 389 404 417 204 400 11109 10645 10638 10578 10601 10639 10665 10013 10644 10767 10807 10659
10554
399 416 10770 10807 10492
398 401 401 398 425 204 400 10126 10634 10638 10376 10639 10586 10639 10416 10638 10813 10767 10807 10659
10179
415 432 11039 10498 10446 10494
402 403 404 10578 10601 10494 10601 10058 10484 10208 10088 10665
423 10337 10376 10646 10293
10500 10180
401 401 398 399 410 10049 10180 10639 10605 10639 11017 10638 10416 10380 10807 10640
10554
399 405 10747 10670 10283 10807 11018
422 391 404 303 211 11084 11081 10202 10706 10234 10868 10665 10641 10807 10713
10179
391 404 303 53 416 11082 10202 10722 10868 10665 10641 10916 10540 10088 10767 10492
10049 10180
398 389 415 47 410 10007 10638 10578 10601 10639 10498 10211 10813 10645 10357 10640
10942
415 192 408 10375 10498 10871 10601 10646 10208 10485
401 404 192 389 415 188 10512 10639 10058 10665 10302 10646 10208 10639 10498 10835 10088 10651
10528
384 404 175 211 10660 10341 10665 10690 10651 10807 10713
10554
418 415 192 188 10890 10488 10684 10986 10498 10601 10646 10208 10088 10651
401 399 416 10281 10639 10255 10807 10492
415 192 402 211 11073 10760 10498 10601 10646 10208 10058 10188 10484 10807 10713
10554
188 10208 10088 10651
10586 10634
444 415 192 402 188 416 10831 10887 10052 10498 10459 10646 10208 10058 10484 10208 10088 10651 10492
408 10375 10634 10334 10485
415 188 404 10962 10478 10498 10064 10088 10651 10665
402 399 400 11113 10375 10484 10238 10807 10659
10554
401 404 399 410 10238 10639 10375 10665 10690 10807 10640
10901
401 415 192 384 402 415 204 400 10281 10639 10255 10498 10601 10646 10208 10660 10341 10188 10484 10962 10478 10498 10064 10767 10807 10659
399 416 10770 10807 10492
10970
398 404 204 10425 10309 10601 10058 10638 10510 10665 11061 10767 10807
455 10770 10261 10450
408 11006 10485
414 412 188 10150 10297 10637 10232 10634 10375 10626 10722 10088 10651
10811
415 411 204 400 10377 10713 10634 10255 10498 10601 10651 10767 10807 10659
10240
398 444 404 415 389 415 192 188 10551 10638 11010 10887 10297 10665 10890 10498 10601 10639 10498 10835 10646 10208 10088 10651
401 408 11014 10639 10485
402 413 415 423 403 10632 10484 10375 10645 11103 10498 10601 10646 10088
418 401 415 389 398 404 399 199 10281 10488 10046 10639 10474 10485 10634 10609 10498 10601 10639 10638 10910 10665 10384 10807 10492 10640
10049 10436
398 411 385 10832 11036 10638 10159 10918 10651 10639
10240
417 204 10073 10644 10767 10807
10195
415 215 188 10500 10180 10634 11092 10205 10180 10498 10764 10601 10646 10157 10088 10651
10398
418 402 414 214 192 403 10594 10180 10488 11038 10180 10484 10440 10637 10555 10646 10207 10646 10208 10088
10580 10979
392 404 188 10367 10663 10665 10918 10088 10651
398 175 10098 10638 10589 10651
11113 10730
401 399 10423 10712 10612 10639 10497 10807
399 400 10323 11005 10807 10659
398 192 403 10246 10481 10638 10150 10122 10646 10208 10088
417 204 400 10770 10644 10767 10807 10659
10554
415 213 403 416 10166 10801 10498 11008 10601 10646 10324 10088 10492
10108 10513 10088
10049 10180
398 399 410 10367 10638 10128 10807 10640
10554
414 404 214 403 11038 10180 10637 10594 10180 10665 10508 10634 10221 10646 10207 10088
398 411 204 400 11035 10638 10974 10601 10651 10767 10807 10659
501 188 10159 10290 10088 10651
215 403 10128 11089 10646 10157 10088
398 10924 10638
404 188 10580 10979 10665 10207 10088 10651
10049 10436
10007
386 416 10459 10718 10492
10770
10770
10049 10180
386 10459 10718
11005 10180
420 401 386 414 389 398 399 416 10949 10911 10516 10639 10049 10180 10634 10459 10718 10637 10383 10639 10638 10965 10807 10492
428 410 10770 10644 10640
398 191 414 196 410 10321 10344 10638 10459 10646 10357 10637 10383 10813 10637 10640
10966
188 10189 10088 10651
10049 10180
399 411 10301 10807 10651
408 10126 10634 10208 10485
401 404 10783 10639 10455 10665 10300 10634
387 467 414 389 415 188 10221 10199 10601 10635 10793 10637 10383 10773 10639 10498 10150 10352 10088 10651
398 204 410 10652 10638 10667 10058 10634 10978 10767 10807 10640
10554
10970
398 189 10674 10638 10363 10978 10088 10767
191 208 414 411 404 302 399 416 10221 10646 10357 10199 10601 10813 10645 10357 10637 10261 10651 10591 10665 10384 10807 10492
415 423 10357 10498 11090 10646
423 208 467 437 415 192 402 188 10221 10646 10199 10601 10813 10645 10793 10242 10130 10498 10601 10646 10208 10674 10484 10208 10088 10651
399 400 10770 10807 10659
424 398 11109 10025 10970 10667 10415 10634 10638
11108 10221
10221
11107 11108 11005 11005
414 423 415 189 405 11107 10637 10261 10646 11108 11005 11107 10498 10879 10088 10767 11018
399 410 10256 10807 10640
10179
10597
455 413 401 404 10214 11056 10645 10473 10639 10058 10665 10103
389 415 188 10637 10261 10639 10498 10352 10088 10651
417 418 404 425 398 45 204 10330 10644 10485 10488 10853 10634 10261 10622 10665 10813 10485 10638 10978 10646 10484 10384 10767 10807
401 10166 10639 10692
413 280 304 192 204 404 10862 10645 10754 10634 10722 10713 10637 10606 10646 10208 10767 10807 10665
399 410 10384 10807 10640
412 204 400 11030 10626 10722 10767 10807 10659
412 280 304 403 11001 10626 10722 10713 10637 10606 10088
10049 10436
416 10310 10492
10301
388 50 10422 10713 10637 10601 10651 10485 10634
404 411 204 10945 10665 11061 10651 10767 10807
400 10770 10659
10098 10020
10095
425 387 10196 10813 10635
11038 10180
411 405 10862 10762 10651 11018
388 400 10501 11091 10601 10713 10659
10554
193 10770 10601 10088 10713
404 439 10497 10634 10418 10615 10004 10665 11061 10231
280 304 204 10928 10634 10257 10713 10637 10606 10767 10807
399 410 10384 10807 10640
398 404 417 439 10551 10638 10245 10665 10076 10644 10231
399 10925 10807
404 399 410 10058 10665 10690 10807 10640
398 401 399 405 10747 10638 10874 10754 10639 10115 10807 11018
398 10321 10748 10638
402 413 399 416 11113 10171 10129 10484 10058 10645 10670 10610 10807 10492
401 402 399 416 10556 10639 11001 10484 10384 10807 10492
398 415 166 280 304 192 403 10166 10638 10735 10498 10835 10634 10221 10713 10637 10606 10646 10208 10088
415 404 423 10322 10498 10731 11006 10375 10665 11061 10646
404 415 192 204 416 10373 10188 10665 10150 11068 10498 10601 10646 10208 10767 10807 10492
399 400 11068 10807 10659
413 10375 10645
399 10770 10807
398 413 411 404 204 10746 10375 10634 10638 10102 10645 10641 10651 11068 10715 10665 11061 10767 10807
401 10102 10639 11068 10715
10811
399 410 10060 10807 10640
10554
415 168 424 204 11068 10498 10601 10170 10485 10634 10402 10970 10641 10767 10807
401 415 391 404 305 204 404 10015 10375 10639 10757 10498 10999 10868 10665 11061 10767 10807 10665
400 404 423 403 410 10001 10003 10659 10665 10434 10646 10088 10640
405 419 414 10322 11018 11080 11077 11077 10317 10567 10722 10637
404 403 10609 10612 10665 11061 10088
10609 10612
424 391 404 303 390 51 10003 10970 10837 10634 10309 10601 10868 10665 10641 10767 10807 10713 10659
10554
424 391 404 303 403 10003 10970 10309 10601 10868 10665 10641 10088
10346
399 404 10238 10807 10665
402 204 400 11038 10180 10484 10150 10309 10601 10767 10807 10659
413 391 404 305 403 10015 10226 10645 10647 10868 10665 11061 10088
10970
196 408 398 391 404 303 425 204 10539 10020 10813 10637 10952 10487 10485 10602 10638 10309 10601 10868 10665 10641 10813 10767 10807
194 280 304 192 204 10891 10539 10634 10339 10713 10637 10606 10646 10208 10767 10807
194 414 10539 10634 10339 10637
400 402 404 204 400 10839 10659 10586 10634 10484 10766 10665 11061 10767 10807 10659
401 402 391 404 303 204 10539 10639 10703 10484 10309 10601 10868 10665 10641 10767 10807
408 51 10747 10839 10485 10807 10713 10659
194 403 10203 11012 11078 11082 10592 10634 10339 10088
10901
196 10947 10332 10813 10637
401 404 403 410 10605 10639 10765 10665 10581 10088 10640
10594 10180
401 401 398 10166 10639 10599 10639 11017 10638
415 401 268 440 399 10230 10180 10498 10418 10639 10335 11036 10626 11008 10601 10696 10807
398 51 10685 10638 10249 10807 10713 10659
82 10685 10431 10634 10912 10637
398 428 209 399 416 10599 10472 10638 10462 10841 10644 10770 10807 10492
398 10230 10180 10638
401 401 209 399 10300 10639 10084 10180 10639 11011 10634 10722 10770 10807
402 247 194 411 204 404 10551 10484 10232 10634 10722 10868 10634 10339 10651 10767 10807 10665
398 10049 10180 10638
402 404 423 10043 10634 10484 10948 10665 11061 10646
232 247 195 188 416 10232 10634 10660 10838 10601 10868 10634 10601 10088 10651 10492
401 82 10230 10180 10639 10948 10634 10912 10637
401 413 415 209 399 10084 10180 10639 11011 10645 11005 11005 11005 10498 10601 10770 10807
10891
402 207 436 192 188 10632 10634 10484 11023 10646 10466 10183 10261 10646 10208 10088 10651
11005 11005 11005
398 399 410 10098 10638 10384 10807 10640
10263
436 10084 10180 10183
399 400 10068 10058 10807 10659
190 411 391 404 305 403 404 10418 10634 10221 10646 11018 10670 10572 10819 10651 10868 10665 11061 10088 10665
417 399 416 10061 10403 10644 10058 10807 10492
401 413 10609 10536 10639 10336 10645
415 192 209 399 10989 10498 10229 10601 10646 10208 10770 10807
10901
415 247 194 53 410 11084 10232 10634 11015 10498 10601 10868 10634 10339 10916 10540 10088 10767 10640
10554
10891
415 280 304 192 403 10649 10810 10498 11090 10713 10637 10606 10646 10208 10088
216 411 429 10627 10947 10185 10646 11116 10651 10975
398 192 447 10049 10180 10188 10638 10159 10221 10646 10208 10681
10791
413 426 410 10512 10312 10645 10122 10750 10640
10594 10180
10230 10180
234 10660 10771 10807
10175 10771
10660 10430 10179
10554
402 10230 10180 10484
10301
10230 10180
216 188 10895 10601 10646 11116 10088 10651
399 410 10672 10807 10640
10049 10180
10970
384 209 413 10660 10430 10770 10644
399 10742 10807
10230 10180
209 417 399 410 10141 10992 10770 10644 10876 10807 10640
399 400 10770 10807 10659
418 404 192 403 404 10270 10488 10067 10665 10334 10646 10208 10088 10665
398 399 416 10472 10638 10337 10008 10807 10492
398 417 439 10418 10638 10104 10644 10231
384 415 423 10660 10744 10498 10235 10290 10646
280 304 192 204 10260 10713 10637 10606 10646 10208 10767 10807
11063 10662
404 423 425 387 10426 10665 10303 10773 10813 10635
215 193 10075 11039 10180 10634 10598 10646 10157 10088 10713
415 221 10230 10180 10498 10213 10601 10489 10634
219 401 384 415 219 188 416 11114 10646 10173 10639 10660 10583 10498 10447 10601 10646 10173 10088 10651 10492
10175
10108 10513 10088
404 384 417 204 416 10418 11005 10665 11054 10660 10583 10644 10767 10807 10492
10616 10666
218 403 410 10903 10634 10050 10646 11061 10088 10640
10554
209 417 211 11054 10770 10644 10902 10807 10713
11054
413 10747 10645
389 411 391 46 10625 11054 10639 10395 10651 10868 11061 10088 10767
398 401 398 211 10291 10237 10639 10906 10638 10935 10807 10713
10554
10935
398 413 220 403 10166 10638 10949 10645 10896 10645 10971 10088
402 398 218 403 405 410 10586 10634 10484 10906 10638 10235 10348 10644 11061 10088 11018 10640
10230 10180
398 219 191 10953 10638 10082 10395 10646 10173 10646 10357
405 413 10128 11018 10993 10369 10645
403 405 410 10370 10722 10088 11018 10640
216 188 10625 10803 10646 11116 10088 10651
399 410 10169 10807 10640
399 410 11074 10807 10640
10901
195 193 10708 10634 10601 10088 10713
10230 10180
402 218 204 404 10164 10484 10447 10601 10646 11061 10767 10807 10665
403 400 10974 10601 10088 10659
403 416 10262 10722 10088 10492
10246 10713
384 404 449 10660 10399 10665 11061 10651
214 44 10118 10260 10646 10207 10088 10767 10659
450 413 399 400 11078 10610 10109 10644 10384 10807 10659
10379
422 191 11080 10610 10706 10260 10646 10357
10594 10180
415 389 404 399 410 10009 10498 10755 10639 10665 10917 10807 10640
10554
413 398 10418 10645 10638
398 222 10009 10638 11113 11011 10645 10484
413 423 403 10949 10188 10645 10755 10646 10395 10088
424 399 416 10982 10373 10970 10917 10807 10492
10632
401 222 10291 10639 10789 10634 10755 10646 10484
425 204 404 10417 10427 10641 10813 10767 10807 10665
449 169 390 51 10974 10434 10651 11054 10339 10767 10807 10713 10659
402 414 10839 10572 10484 10755 10637
194 403 416 10753 10917 10634 10339 10088 10492
404 449 10532 10665 10641 10651
403 416 10855 10601 10088 10492
401 415 423 11097 10639 10372 10498 10823 10646
11005
10049 10180
403 410 10235 10395 10088 10640
398 222 10551 10638 10518 10103 10646 10484
422 451 391 404 303 189 11079 11077 10984 10706 10267 10395 10868 10665 10641 10088 10767
398 10441 10638
404 411 428 449 10230 10180 10665 10755 10651 10009 10644 10651
398 399 416 11080 11077 10984 10638 10249 10807 10492
400 417 404 44 10839 10659 10165 10644 10364 10665 10410 10088 10767 10659
401 399 416 10347 10639 10364 10807 10492
10778
413 415 192 389 404 211 10033 10645 10347 10498 10304 10646 10208 10639 10665 11042 10807 10713
11059
10148
404 192 389 404 411 204 410 10347 10665 10339 10646 10208 10639 10665 10410 10651 10767 10807 10640
398 10069 10638
401 188 400 10418 10639 10590 10634 10710 10639 10634 10132 10601 10088 10651 10659
10554
398 404 425 423 11046 10121 10638 10389 10665 10490 10813 10646
188 10061 10475 10088 10651
398 399 400 10747 10638 10974 10807 10659
211 10159 10752 10807 10713
10379
399 10709 10807
10970
398 189 10542 10737 10634 10638 10475 10088 10767
398 10011 10638
413 412 403 416 10949 10645 10687 10626 10722 10088 10492
398 401 402 500 192 423 10687 10638 10477 10639 10586 10634 10484 10440 11055 10646 10208 10646
399 410 10011 10634 10316 10807 10640
10179
10970
398 401 384 404 211 10687 10638 10689 10639 10660 10583 10665 10690 10807 10713
417 204 416 10770 10644 10767 10807 10492
415 463 10477 10498 10290 10900
192 454 192 188 10122 10646 10208 10384 10460 10559 11096 10646 10208 10088 10651
10891
402 10349 10484 10670 10526
402 10584 10484 10670 10526
10263
412 190 10574 10626 10221 10646 11018
383 414 400 412 188 400 10573 10453 10637 11083 10659 10626 10688 10634 10722 10088 10651 10659
10240
398 423 226 10453 10638 10404 10646 10559 10644
412 402 425 204 416 11030 10626 10484 10722 10813 10767 10807 10492
406 422 399 400 10487 10264 10201 10077 11113 10706 10807 10659
415 455 10449 10493 10498 10309 10601 10450
422 399 10943 11078 10878 10706 10807
428 399 410 11048 10644 11079 10878 10627 10807 10640
424 391 404 303 204 400 11048 10970 10722 10868 10665 10641 10767 10807 10659
404 399 10845 10306 10714 10665 10316 10807
404 192 403 405 10156 10621 10665 10786 10646 10208 10088 11018
398 401 401 401 399 10487 10264 10201 10638 10086 10639 10517 10639 10401 10096 10639 10653 10807
405 423 10418 11018 10251 10646
417 399 10218 10039 10644 10091 10807
414 457 413 411 391 404 305 403 404 10294 10637 10002 10788 10021 10645 10835 10651 10868 10665 11061 10088 10665
414 10797 10634 10835 10637
404 399 410 10175 10893 10665 10691 10807 10640
401 414 204 400 10111 10086 10639 10517 10637 10261 10767 10807 10659
401 398 498 403 10517 10639 10829 10638 11082 11077 11077 11077 10222 10629 11061 10088
413 398 398 234 405 11109 10645 10638 11078 10114 10638 11077 11099 11082 10222 10807 11018
401 398 11109 10639 11075 10634 10155 10180 10738 10638
415 204 416 11078 10086 10498 11098 10767 10807 10492
400 384 415 280 304 204 404 10839 10659 10660 10744 10498 10290 10713 10637 10606 10767 10807 10665
384 428 10660 10744 10644
457 457 10934 10021 10530 10021
403 416 10440 11061 10088 10492
399 400 10770 10807 10659
10901
424 388 217 10530 10970 10290 10713 10659 10635
455 10236 10555 10450
402 384 404 414 304 403 416 10704 10634 10484 10384 10660 10744 10665 11061 10637 10606 10088 10492
404 399 410 10321 11032 10665 10535 10807 10640
10554
398 401 417 399 10321 10730 10638 10418 10639 10734 10575 10644 10834 10807
404 192 399 405 10058 10665 10797 10634 10590 10601 10646 10208 11036 10807 11018
398 425 62 191 410 10002 10638 10955 10813 11102 10634 10601 10646 10357 10640
188 10189 10088 10651
10263
398 458 403 400 10321 10268 10638 10225 10683 10088 10659
399 10249 10807
192 403 404 10961 10645 10208 10088 10665
458 403 416 10225 10683 10088 10492
398 10535 10638
404 458 423 11064 10418 10665 10693 10683 10646
399 410 10031 10807 10640
10554
10891
404 418 10878 10665 11061 10485 10488
401 404 411 398 10729 10058 10639 10300 10665 10221 10651 10485 10638
415 62 192 204 416 10535 10498 10525 11102 10634 10601 10646 10208 10767 10807 10492
10230 10180
458 403 400 10761 10030 10395 10683 10088 10659
10554
399 11037 10807
399 405 10153 10807 11018
415 191 410 10553 10601 10813 11102 10634 11053 10498 10879 10646 10357 10640
398 10624 10638
418 404 423 10051 10880 10488 10576 10665 10699 10646
404 216 188 10535 10665 11029 10950 10646 11116 10088 10651
399 410 10345 11071 10807 10640
417 204 10770 10644 10767 10807
413 398 404 458 398 398 169 188 10747 10645 10638 10535 10665 10835 10683 10638 10091 10638 10175 10776 10339 10088 10651
495 398 10321 10546 10638
10253
401 221 402 411 391 404 305 204 416 10468 10639 10489 10634 11079 10572 10484 10259 10651 10868 10665 11061 10767 10807 10492
417 204 400 10770 10644 10767 10807 10659
417 399 410 10791 10142 10644 10585 10807 10640
204 400 10472 10634 10260 10767 10807 10659
10554
403 416 10260 10088 10492
415 225 48 10368 10498 10290 10646 10278 10088 10713 10659
415 131 391 404 303 189 405 10181 10498 10308 10646 10334 10868 10665 10641 10088 10767 11018
224 193 10322 10634 11047 10646 10381 10088 10713
405 398 404 204 400 10570 11018 10638 10335 10585 10665 10623 10767 10807 10659
10554
10970
398 404 192 221 10942 10638 10960 10665 10726 10646 10208 10489 10634
406 196 304 403 404 10787 10077 11042 10813 10637 10606 10088 10665
398 10322 10638
414 423 10066 10269 10818 10637 10261 10646
401 194 411 399 10716 10639 11101 10634 10339 10651 11036 10807
209 10770 10770
398 415 423 10632 10638 10716 10498 10835 10646
168 414 304 192 411 204 10045 10221 10170 10637 10606 10646 10208 10651 10767 10807
412 423 10470 10418 10626 10278 10646
415 208 391 398 303 189 416 10322 10498 10835 10813 10645 10332 10868 10638 10641 10088 10767 10492
404 413 11022 10665 11034 10644
399 410 10061 10903 10807 10640
403 410 10177 10008 10634 10061 10150 11087 10088 10640
10594 10180
415 144 10246 10585 10498 10958 10634 10601 10646
415 44 10232 10634 10002 10498 10955 10088 10767 10659
399 410 10384 10807 10640
10301
423 10660 10435 10285 10601 10646
10240
402 411 323 399 10632 10188 10484 10627 10524 10634 10185 10651 10354 10807
399 400 10770 10807 10659
175 10589 10651
398 10368 10638
460 399 11084 10290 10354 10807
10901
404 225 403 416 10441 10665 10290 10646 10278 10088 10492
413 192 191 10322 10645 10435 10646 10208 10646 10357
10321 10560
209 399 410 10582 10770 10807 10640
10554
411 226 10873 10299 10601 10651 10559 10807
406 398 10098 10077 10638
401 411 415 404 387 178 192 188 10204 10639 10138 10634 10641 10651 10585 10498 10502 10601 10665 10163 10635 10978 11049 10646 10208 10088 10651
10230 10180
399 411 400 10843 10807 10651 10659
175 399 10280 10651 10807
179 411 226 10835 10933 10651 10559 10644
401 404 192 403 10073 10863 10639 10480 10634 10149 10665 10803 10646 10208 10088
11063 10662
398 10230 10180 10638
428 10230 10180 10644
399 10033 10807
10747
401 242 11101 10639 10593 10645
414 415 192 460 399 416 10035 10180 10637 10232 10634 10002 10498 10955 10646 10208 10354 10807 10492
10244
10049 10180
10963 10807 10651
175 399 410 10310 10651 10807 10640
10964
188 416 10439 10088 10651 10492
413 55 204 404 10186 10645 10332 10646 10278 10651 10767 10807 10665
458 423 10769 10634 10544 10507 10646
401 398 399 410 10418 10639 10658 11033 10638 10827 10807 10640
10554
417 204 10770 10644 10767 10807
402 10551 10484 10425
401 413 415 458 192 403 416 11065 10639 10472 10645 10995 10498 10125 10507 10646 10208 10088 10492
10049 10180
458 423 400 458 411 204 400 10580 10979 10634 10720 10507 10646 10839 10659 10261 10507 10651 10767 10807 10659
10554
405 458 411 401 404 436 11005 10550 11018 10946 10601 10507 10651 10134 10639 10929 10665 10310 10183
458 188 10176 10507 10088 10651
458 411 398 10387 10174 10601 10507 10651 10719 10638 10044 10072 11061
192 389 398 10178 11028 10646 10208 10639 10638
401 83 458 411 218 11109 10639 11005 10202 10340 10265 10601 10507 10651 10527 10644 11061
404 10342 10665 10178 10504
405 384 406 10373 11018 10660 10341 10077
404 10814 10374 10634 10968 10665 11061
11007
414 401 83 404 458 11005 10202 10637 10126 10639 11005 10202 10340 10418 10634 10515 10336 10665 10755 10507
398 405 458 63 411 10527 10638 10387 11018 10090 10634 10027 10601 10507 11102 10634 10339 10651
405 84 413 458 10027 11018 10146 10634 10133 10077 10463 10057 10645 10144 10601 10507
417 404 458 192 448 10388 10644 10904 10665 10533 10507 10646 10208 10489
404 411 414 458 10854 10676 10665 10725 10641 10651 10637 10830 10683
401 398 402 404 458 404 10719 10639 10687 10638 10927 10484 10851 10665 11040 10507 10665
458 389 398 10582 10826 10634 10469 10683 10639 10638
414 458 411 218 10034 11061 11043 10637 10538 10601 10507 10651 10350 10644 11061
10747
405 404 411 206 429 10084 10180 11018 10945 10665 11061 10651 10767 10644 10975
404 192 425 209 428 416 10073 10147 10848 10665 10382 10646 10208 10813 10770 10644 10492
399 410 10165 10807 10640
404 411 228 404 10049 10180 10665 10780 10996 10651 10333 10807 10665
10554
387 10980 10635
464 398 306 399 416 10866 10333 10638 10813 10807 10492
10379
413 411 204 10949 10645 11089 10651 10767 10807
401 412 404 411 439 10520 10913 10017 10639 10460 10626 10722 10362 10665 11061 10651 10231
10901
411 204 400 10084 10180 10634 10656 10243 10651 10767 10807 10659
10379
398 399 411 405 10084 10180 10638 10774 10472 10807 10651 11018
401 55 10336 10639 10058 10634 11047 10646 10278 10088 10651
10301
10147 10848
192 188 10382 10646 10208 10088 10651
404 411 462 428 411 204 10406 10665 10411 10651 10071 10644 10651 10767 10807
428 411 204 400 10770 10644 10651 10767 10807 10659
175 399 10589 10651 10807
214 411 463 10470 10221 10646 10207 10651 10900
144 10000 10634 10601 10646
399 411 10301 10807 10651
10379
465 10574 10331
402 264 10810 10484 10601 11019 10634
216 423 11051 10646 11116 10646
10600
415 220 403 10147 10848 10498 10511 10601 10646 10971 10088
398 10206 10472 10634 10638
228 10660 10360 10641 10333 10807
10386 10939 10601 10088
401 11005 10550 10639 10915
215 48 10003 10634 10722 10646 10157 10088 10713 10659
414 415 466 440 399 10049 10436 10637 10594 10180 10498 10722 10285 10696 10807
398 399 404 10847 10972 10638 10951 10807 10665
414 402 399 11043 10637 10350 10484 10061 10038 10807
10089
399 400 11043 10807 10659
180 423 417 495 404 414 403 10844 10601 10184 10646 10250 10644 10140 10665 10384 10637 10830 10088
401 415 466 495 404 399 10785 10639 10058 10634 10424 10191 10498 10693 10479 10140 10665 10445 10575 10807
398 181 439 10220 10638 10189 10396 10231
411 404 302 389 187 51 10997 10651 10591 10665 10384 10639 10644 10638 10813 10807 10713 10659
10795
435 54 11043 10852 10833 10575 10634 10272 10601 10285 10646 10357
10390
398 211 11005 10638 10974 10807 10713
415 44 10353 11106 10498 10860 10088 10767 10659
418 467 401 415 391 402 303 189 404 11005 10488 11005 10793 10639 10065 10498 10978 10868 10484 10641 10088 10767 10665
404 425 398 401 404 181 414 304 403 10065 10665 10189 10813 10058 10634 10638 10826 10639 11105 10665 11024 10396 10637 10606 10088
10274
399 404 10350 10807 10665
401 495 404 399 10892 10543 10639 11061 10140 10665 10749 10807
10828
10457
414 415 411 417 415 220 188 10817 10637 11034 10498 10978 10651 11057 10644 10350 10498 10830 10646 10971 10088 10651
10747
400 466 192 403 11060 10634 10172 10659 10967 10601 10285 10646 10208 10088
435 398 10342 10852 10638
404 302 414 403 10118 10092 10591 10665 10384 10637 10830 10088
401 404 423 10826 10639 11105 10665 10419 10150 10339 10646
495 404 423 414 304 403 10905 10872 10665 10944 10601 10646 10800 10637 10606 10088
10049 10180
11115
404 401 459 399 410 10429 10665 10595 10639 11102 10807 10640
10554
10784 10657 10077
10596
414 413 411 204 404 10418 10637 10358 10645 10486 10651 10767 10807 10665
404 468 417 204 416 10167 10414 10665 10384 10994 10644 10767 10807 10492
404 411 390 51 11113 10730 10665 10860 10651 10767 10807 10713 10659
222 393 399 404 10215 10261 10646 10484 11054 10657 10807 10665
401 402 469 399 10568 10639 10350 10484 11021 10802 10807
404 192 423 10350 10665 11094 10646 10208 10646
404 468 399 410 10968 10665 11061 10994 10807 10640
417 204 10770 10644 10767 10807
10398
402 411 459 399 11043 10484 10860 10651 11102 10807
10554
414 401 415 188 410 11043 10637 10350 10639 10951 10498 10295 10601 10088 10651 10640
404 439 10414 10665 10384 10231
398 10166 10638
413 459 399 11109 10680 10645 10486 11102 10807
404 400 10429 10665 10974 10339 10659
399 410 10925 10807 10640
470 423 11028 10023 10646
404 425 169 53 416 10790 10665 10319 10813 10339 10916 10540 10088 10767 10492
428 414 204 404 10770 10644 10637 10384 10767 10807 10665
413 398 11005 10016 10645 10638
401 401 415 192 469 399 416 10159 10007 10639 10826 10639 10265 10498 10151 10646 10208 10802 10807 10492
399 410 10897 10385 10807 10640
393 404 413 11003 10657 10665 10217 10644
399 410 10143 10634 11054 10807 10640
10398
402 469 399 416 10372 10634 10484 10384 10802 10807 10492
10049 10180
55 416 11042 10646 10278 10088 10651 10492
404 401 399 10033 10665 10358 10639 10355 10129 10807
458 192 403 410 10282 10601 10507 10646 10208 10088 10640
10534
455 419 428 473 10835 10450 10835 10567 10903 10644 10816
192 411 391 404 305 204 404 10318 10832 10645 10208 10651 10868 10665 11061 10767 10807 10665
180 399 416 10061 10832 10184 11036 10807 10492
10500 10180
192 411 204 400 10358 10634 10832 10645 10208 10651 10767 10807 10659
10554
460 399 10175 10383 11036 10807
455 419 10832 10450 10832 10567
401 416 393 404 403 416 10358 10639 10589 10657 10665 10189 10088 10492
428 394 10808 10644 10655
404 394 10092 10576 10665 10690 10655
192 403 410 10190 10154 10634 10152 10646 10208 10088 10640
398 400 404 413 10358 10638 10408 10634 10805 10702 10665 10886 10645
404 55 405 410 10882 10665 10691 10062 10646 10278 10088 10651 11018 10640
455 10770 10383 10450
400 404 411 204 199 10839 11070 10659 10524 10634 10194 10665 10070 10601 10651 10767 10807 10492 10640
10554
405 406 401 404 548 188 405 10608 11018 10131 10077 10639 10241 10665 10150 10339 10088 10651 11018
402 55 394 10058 10484 10792 10646 10278 10651 10655
224 414 304 403 416 11084 10721 10062 10646 10381 10637 10606 10088 10492
11059
404 55 410 10856 10665 10212 10646 10278 10088 10651 10640
169 209 399 410 10607 10339 10770 10807 10640
48 10627 11112 10601 10088 10713 10659
10554
10901
193 10321 10686 10634 10334 10088 10713
402 394 10058 10484 10776 10655
402 428 394 10583 10484 10903 10644 10655
10179
10263
404 55 204 404 10740 10665 10275 10646 10278 10651 10767 10807 10665
399 400 10770 10807 10659
10901
400 224 193 10839 10659 10850 10395 10646 10381 10088 10713
10500 10180
401 415 204 199 10953 10472 10634 10545 10639 10371 10129 10498 10555 10767 10807 10492 10640
10554
401 230 398 10079 10639 10741 10077 10634 10638
401 415 168 439 10603 10639 10532 10498 11020 10170 10231
10322
18 10384 10767 10020 10813 10807 10659
10534
10970
468 417 460 399 410 10673 11016 10994 10644 10354 10807 10640
423 10041 10646
423 11058 10646
401 402 10658 10639 10988 10484 10383 11072
180 414 304 403 416 10404 10184 10637 10606 10088 10492
389 398 175 18 10195 10639 10638 10721 10041 10651 10767 10020 10813 10807 10659
10970
175 399 410 10627 10127 10651 10807 10640
401 415 192 471 10276 10639 10472 10498 10835 10646 10208 10247
413 401 404 308 192 188 416 10907 10645 10462 10884 10639 10364 10665 10601 10646 10208 10088 10651 10492
10179
10901
195 48 10322 10634 10601 10088 10713 10659
398 414 423 10321 10730 10638 10907 10654 10637 10261 10646
404 204 11064 10585 10665 10690 10767 10807
404 399 400 10322 10665 10907 10654 10807 10659
401 415 192 459 399 410 10857 10618 10639 10882 10498 10835 10646 10208 11102 10807 10640
11109 10634 10208 10247 10634
398 168 414 304 192 411 204 10670 10572 10638 10221 10170 10637 10606 10646 10208 10651 10767 10807
230 404 403 199 11091 10077 10634 10878 10665 11061 10088 10492 10640
400 420 44 11083 10659 10627 10257 10088 10767 10659
10901
412 193 10678 10162 10626 10722 10088 10713
469 460 399 416 10521 10358 10802 10354 10807 10492
384 398 194 188 400 10660 10822 10638 10159 10976 10634 10339 10088 10651 10659
10277
401 413 55 416 10758 10639 10472 10645 10395 10646 10278 10651 10492
10795
403 400 10089 10864 10634 10981 10718 10088 10659
10563
415 194 403 400 10663 10634 10545 10498 11076 10634 10339 10088 10659
428 387 10770 10644 10635
412 388 400 10545 10626 10412 10601 10713 10659
220 168 405 387 10947 10835 10646 10971 10170 11018 10635
401 405 231 11045 10639 10861 11018 10660 11027 10357
423 410 10041 10646 11058 10640
398 10246 10909 10638
10528
398 401 404 411 399 11063 10638 10920 10056 10639 10679 10665 10357 10651 10909 10807
10244
10770
56 10417 10384 10020 10813 10659
10966
10263
404 192 411 401 399 404 10679 10665 10254 10646 10208 10651 10496 10639 10514 10807 10665
215 280 304 204 404 10594 10180 10634 10358 10634 10221 10646 10157 10713 10637 10606 10767 10807 10665
10384 10545 10028
404 235 188 416 10679 10665 10541 10646 10775 10088 10651 10492
399 400 10770 10807 10659
175 399 10589 10651 10807
236 423 10476 10646 10357 10646
10116
398 402 194 389 447 10679 10638 10574 10634 10484 10660 10723 10634 10339 10639 10681
10240
412 398 264 11088 10626 10638 10257 11019 10634
401 401 413 458 399 10128 10639 10281 10639 10988 10645 10154 10634 10919 10507 11017 10807
10135 10513 10088
399 10571 10807
405 194 403 10953 11018 10120 10634 10339 10088
415 411 226 10314 10498 11050 10601 10651 10559 10644
402 402 189 404 10633 10484 10421 10484 10189 10088 10767 10665
403 439 10643 10103 10088 10231
383 403 10573 10080 10386 10939 10549 10088
192 403 416 11025 10601 10646 10208 10088 10492
465 10574 10331 10386
10386 10939 10601 10088
193 10232 10634 10103 10088 10713
10966
241 403 11005 10147 10358 10545 10644 10513 10088
10551
401 414 403 10920 10056 10639 10877 10637 10192 10088
411 10931 11062 10651 11008 10158
188 10248 10601 10088 10651
194 240 403 10587 10120 10634 10339 10646 10565 10088
10093
398 10321 10572 10638
384 415 10022 10660 10010 10498 10707
188 10965 10549 10088 10651
10240
10782
472 413 398 10551 11026 10645 10638
401 415 224 417 204 11084 10063 10826 10639 10265 10498 10228 10646 10381 11017 10644 10767 10807
10828
10505
415 168 203 404 10888 10711 10498 10019 10170 10639 10807 10665
10108 10513 10088
10600
415 57 403 10577 10498 11089 10479 10646 11062 10088
399 400 10770 10807 10659
10795
401 403 400 10670 10572 10202 10639 10460 10634 10042 10219 10088 10659
428 398 536 403 404 10128 10644 10605 10638 10462 10202 10634 10930 10088 10665
188 10959 10549 10088 10651
10551
414 403 10594 10078 11005 10637 10192 10088
10795
401 10128 10639 10605
232 403 10660 10101 10601 10088
