[0, 1, 2, 3, 4, 5, 6, 7, 8, 9, 10, 11], Level
[1024, 120, 8.533333333333333, 2.9166666666666665, 2.966666666666667, 1.1666666666666667, 0.16666666666666666, 3.75, 0.09450789500425145, 0.865546218487395, 0.15966386554621848, -2682.966885551309], N1
[527, 56, 9.410714285714286, 3.392857142857143, 3.2142857142857144, 1.2678571428571428, 0.125, 4.017857142857143, 0.15383004937050065, 1.490909090909091, 0.34545454545454546, -1313.1396170487094], N1
[1174, 137, 8.569343065693431, 2.897810218978102, 2.802919708029197, 1.27007299270073, 0.0948905109489051, 3.5693430656934306, 0.11914625385241975, 1.1544117647058822, 0.21323529411764705, -3047.037124283872], N1
[1223, 114, 10.728070175438596, 3.263157894736842, 3.6578947368421053, 1.543859649122807, 0.19298245614035087, 4.254385964912281, 0.18157829291336863, 1.8584070796460177, 0.4424778761061947, -3116.280631352757], N1
[1554, 180, 8.633333333333333, 2.8833333333333333, 2.8722222222222222, 1.1666666666666667, 0.1388888888888889, 3.611111111111111, 0.1173182537816816, 1.094972067039106, 0.2122905027932961, -4053.058620487332], N1
[1805, 215, 8.395348837209303, 2.958139534883721, 2.832558139534884, 1.172093023255814, 0.09302325581395349, 3.6325581395348836, 0.15008719519118124, 1.205607476635514, 0.21962616822429906, -4712.1669054267395], N1
[1635, 208, 7.860576923076923, 2.7115384615384617, 2.3990384615384617, 1.2788461538461537, 0.16826923076923078, 3.326923076923077, 0.11584191759317566, 0.961352657004831, 0.08695652173913043, -4357.802018950868], N1
[1541, 210, 7.338095238095238, 2.6476190476190475, 2.4714285714285715, 1.0666666666666667, 0.13333333333333333, 3.219047619047619, 0.119746965380341, 0.861244019138756, 0.1722488038277512, -4092.527143470216], N1
[1882, 246, 7.650406504065041, 2.796747967479675, 2.6097560975609757, 1.1544715447154472, 0.13008130081300814, 3.3495934959349594, 0.11727123649486888, 1.0040816326530613, 0.23673469387755103, -4931.115255740899], N1
[1650, 199, 8.291457286432161, 2.899497487437186, 3.100502512562814, 1.2010050251256281, 0.05527638190954774, 3.648241206030151, 0.12036653531427115, 1.0303030303030303, 0.2727272727272727, -4400.707056834695], N1
[1486, 175, 8.491428571428571, 2.8057142857142856, 2.9485714285714284, 1.2228571428571429, 0.13142857142857142, 3.6514285714285712, 0.11588334867908898, 1.0344827586206897, 0.16091954022988506, -3988.674440505092], N1
[1644, 184, 8.934782608695652, 3.0869565217391304, 2.4293478260869565, 1.6684782608695652, 0.21739130434782608, 3.864130434782609, 0.1440346239660322, 1.4153005464480874, 0.22950819672131148, -4204.486922475791], N1
[1930, 237, 8.143459915611814, 2.632911392405063, 2.3966244725738397, 1.3122362869198312, 0.20675105485232068, 3.4472573839662446, 0.138831356869021, 1.1271186440677967, 0.13135593220338984, -5049.155960788803], N1
[1627, 211, 7.710900473933649, 2.744075829383886, 2.5497630331753554, 1.2890995260663507, 0.12322274881516587, 3.3933649289099526, 0.09363472175900696, 0.7666666666666667, 0.09523809523809523, -4458.561074403331], N1
[1907, 215, 8.869767441860466, 3.0046511627906978, 3.0930232558139537, 1.255813953488372, 0.14418604651162792, 3.5813953488372094, 0.13440523788329073, 1.266355140186916, 0.29906542056074764, -4875.902130872116], N1
[812, 99, 8.202020202020202, 2.909090909090909, 2.7373737373737375, 1.292929292929293, 0.18181818181818182, 3.4545454545454546, 0.14513720731201998, 1.1734693877551021, 0.21428571428571427, -2073.744303451784], N2
[894, 95, 9.410526315789474, 3.0210526315789474, 3.094736842105263, 1.2736842105263158, 0.10526315789473684, 3.9368421052631577, 0.15657599429433242, 1.425531914893617, 0.2872340425531915, -2257.986958398495], N2
[458, 54, 8.481481481481481, 3.3333333333333335, 3.1666666666666665, 1.2222222222222223, 0.05555555555555555, 3.8333333333333335, 0.1300045116292938, 1.3396226415094339, 0.39622641509433965, -1176.11535806667], N2
[1122, 127, 8.834645669291339, 3.015748031496063, 2.6929133858267718, 1.5984251968503937, 0.15748031496062992, 3.732283464566929, 0.11245554945006817, 1.0, 0.19047619047619047, -2868.4409458238047], N2
[1324, 145, 9.13103448275862, 2.806896551724138, 2.731034482758621, 1.4551724137931035, 0.21379310344827587, 3.8344827586206898, 0.13508016842135545, 1.2361111111111112, 0.19444444444444445, -3361.8806959734943], N2
[1313, 136, 9.654411764705882, 3.2794117647058822, 3.161764705882353, 1.4485294117647058, 0.08823529411764706, 4.102941176470588, 0.1559225402860297, 1.5555555555555556, 0.35555555555555557, -3354.6508886851366], N2
[1328, 175, 7.588571428571429, 2.6857142857142855, 2.222857142857143, 1.2914285714285714, 0.13714285714285715, 3.3142857142857145, 0.12344357576550823, 1.0459770114942528, 0.21839080459770116, -3299.932412923126], N2
[1353, 139, 9.733812949640289, 2.8992805755395685, 2.7050359712230216, 1.4388489208633093, 0.20863309352517986, 3.9136690647482015, 0.15972156259843717, 1.5434782608695652, 0.18115942028985507, -3418.9292875900933], N2
[1248, 153, 8.156862745098039, 2.9019607843137254, 2.418300653594771, 1.3660130718954249, 0.1568627450980392, 3.6143790849673203, 0.1267283842209155, 1.144736842105263, 0.21052631578947367, -3130.907343483945], N2
[1539, 194, 7.93298969072165, 2.6907216494845363, 2.2989690721649483, 1.2835051546391754, 0.21649484536082475, 3.3969072164948453, 0.11701829046398246, 0.9430051813471503, 0.22279792746113988, -3944.0194435258422], N2
[1571, 236, 6.656779661016949, 2.4703389830508473, 2.059322033898305, 1.0720338983050848, 0.11016949152542373, 3.0042372881355934, 0.09254041552022249, 0.6808510638297872, 0.15319148936170213, -4107.710631187311], N2
[1446, 174, 8.310344827586206, 2.954022988505747, 2.528735632183908, 1.4367816091954022, 0.15517241379310345, 3.5977011494252875, 0.10379265882537402, 0.9595375722543352, 0.15028901734104047, -3701.32067269923], N2
[1169, 175, 6.68, 2.4685714285714284, 1.8342857142857143, 1.2228571428571429, 0.14285714285714285, 2.857142857142857, 0.08620341691442411, 0.7011494252873564, 0.08620689655172414, -2963.3526934953156], N2
[1528, 252, 6.063492063492063, 2.3333333333333335, 1.9087301587301588, 0.9682539682539683, 0.0873015873015873, 2.6825396825396823, 0.09402735554215338, 0.6374501992031872, 0.12350597609561753, -3924.0991963404263], N2
[1497, 174, 8.60344827586207, 3.0057471264367814, 2.413793103448276, 1.5114942528735633, 0.16666666666666666, 3.706896551724138, 0.1376536955906175, 1.260115606936416, 0.1676300578034682, -3738.700828249762], N2
[760, 99, 7.6767676767676765, 2.8585858585858586, 2.6262626262626263, 1.1717171717171717, 0.06060606060606061, 3.4242424242424243, 0.10094304250632008, 0.826530612244898, 0.17346938775510204, -2002.6348744002999], N3
[658, 101, 6.514851485148514, 2.4752475247524752, 1.7722772277227723, 1.1287128712871286, 0.13861386138613863, 2.99009900990099, 0.08389063906663154, 0.68, 0.07, -1705.6345204771194], N3
[820, 115, 7.130434782608695, 2.7043478260869565, 2.1739130434782608, 1.2260869565217392, 0.05217391304347826, 3.1826086956521737, 0.0938776616270396, 0.7982456140350878, 0.16666666666666666, -2114.1443166661106], N3
[842, 95, 8.863157894736842, 2.968421052631579, 2.7263157894736842, 1.6, 0.12631578947368421, 3.642105263157895, 0.1312889059740972, 1.2127659574468086, 0.18085106382978725, -2132.0158567461667], N3
[59, 21, 2.8095238095238093, 1.2857142857142858, 0.9523809523809523, 0.14285714285714285, 0.047619047619047616, 1.380952380952381, 0.08838834764831843, 0.25, 0.1, -157.09743333786412], N4
[65, 20, 3.25, 1.45, 1.05, 0.0, 0.35, 1.45, 0.12642718020263963, 0.5263157894736842, 0.0, -171.8900703787268], N4
[74, 17, 4.352941176470588, 1.9411764705882353, 1.5294117647058822, 0.0, 0.47058823529411764, 1.9411764705882353, 0.4127436381966052, 1.75, 0.3125, -199.70743962408494], N4
[103, 21, 4.904761904761905, 2.0, 1.4761904761904763, 0.2857142857142857, 0.38095238095238093, 2.2857142857142856, 0.16648338814654895, 1.0, 0.35, -255.75480882225477], N4
[112, 23, 4.869565217391305, 1.7826086956521738, 2.5217391304347827, 0.2608695652173913, 0.043478260869565216, 1.9130434782608696, 0.23158039164445912, 1.2272727272727273, 0.5, -302.78373670728496], N4
[121, 24, 5.041666666666667, 1.6666666666666667, 1.7916666666666667, 0.4166666666666667, 0.08333333333333333, 2.0, 0.1345485521007558, 0.6956521739130435, 0.21739130434782608, -321.30458182715347], N4
[83, 23, 3.608695652173913, 1.391304347826087, 1.173913043478261, 0.4782608695652174, 0.08695652173913043, 1.6956521739130435, 0.014465547127886641, 0.09090909090909091, 0.045454545454545456, -225.0760639258632], N4
[99, 24, 4.125, 1.5, 1.125, 0.4583333333333333, 0.08333333333333333, 1.7916666666666667, 0.07587738379699326, 0.34782608695652173, 0.043478260869565216, -257.568564368933], N4
[73, 22, 3.3181818181818183, 1.5454545454545454, 0.8181818181818182, 0.045454545454545456, 0.2727272727272727, 1.7272727272727273, 0.03474301954943775, 0.14285714285714285, 0.047619047619047616, -194.2904278939291], N4
[112, 23, 4.869565217391305, 1.9130434782608696, 1.3478260869565217, 0.17391304347826086, 0.043478260869565216, 2.3043478260869565, 0.10923999455915152, 0.5454545454545454, 0.09090909090909091, -296.955084200005], N4
[104, 22, 4.7272727272727275, 1.8181818181818181, 1.2272727272727273, 0.36363636363636365, 0.13636363636363635, 2.227272727272727, 0.04995293764307809, 0.3333333333333333, 0.0, -280.28915257076926], N4
[142, 30, 4.733333333333333, 1.8666666666666667, 1.5666666666666667, 0.3, 0.2, 2.3333333333333335, 0.10108841924014399, 0.5517241379310345, 0.1724137931034483, -389.05351018658257], N4
[150, 21, 7.142857142857143, 2.0476190476190474, 3.0476190476190474, 0.3333333333333333, 0.19047619047619047, 2.761904761904762, 0.12068210663402498, 1.25, 0.45, -421.7945076882083], N4
[130, 30, 4.333333333333333, 1.7666666666666666, 0.9666666666666667, 0.7666666666666667, 0.03333333333333333, 1.9333333333333333, 0.018130462864248572, 0.06896551724137931, 0.0, -340.9916892712957], N4
[130, 34, 3.823529411764706, 1.4705882352941178, 0.6470588235294118, 0.7058823529411765, 0.0, 1.7058823529411764, 0.05745677303890025, 0.2727272727272727, 0.0, -341.2800020745177], N4
[147, 30, 4.9, 2.0, 1.3666666666666667, 0.3333333333333333, 0.16666666666666666, 2.2, 0.09637348476315652, 0.4482758620689655, 0.034482758620689655, -395.9971734094092], N4
[107, 24, 4.458333333333333, 1.875, 0.8333333333333334, 0.375, 0.16666666666666666, 1.9583333333333333, 0.08896294585743497, 0.4782608695652174, 0.08695652173913043, -270.56943330382774], N4
[116, 25, 4.64, 1.84, 1.08, 0.56, 0.12, 2.16, 0.10986915988608575, 0.5833333333333334, 0.125, -314.69469353445174], N4
[132, 29, 4.551724137931035, 1.5172413793103448, 0.9310344827586207, 0.6206896551724138, 0.06896551724137931, 1.6206896551724137, 0.09213593466955472, 0.39285714285714285, 0.03571428571428571, -336.331240426536], N4
[149, 26, 5.730769230769231, 2.1538461538461537, 1.6153846153846154, 0.6538461538461539, 0.11538461538461539, 2.6153846153846154, 0.08346985007401037, 0.64, 0.08, -378.41572937741466], N4
[165, 32, 5.15625, 2.0, 1.09375, 0.78125, 0.03125, 2.28125, 0.038775191718149735, 0.25806451612903225, 0.0, -405.4509432371135], N4
[133, 40, 3.325, 1.45, 1.1, 0.225, 0.075, 1.6, 0.034823150047641506, 0.1282051282051282, 0.05128205128205128, -384.6872837381225], N4
[160, 31, 5.161290322580645, 1.903225806451613, 1.0, 0.7419354838709677, 0.0967741935483871, 2.161290322580645, 0.13746764606357834, 0.8, 0.1, -401.0970782624489], N4
[134, 32, 4.1875, 1.53125, 1.03125, 0.5, 0.125, 1.8125, 0.06988229491360907, 0.2903225806451613, 0.03225806451612903, -354.54782946553206], N4
[38, 13, 2.923076923076923, 1.3076923076923077, 1.1538461538461537, 0.0, 0.07692307692307693, 1.3076923076923077, 0.1389987186334645, 0.5, 0.0, -105.07537915912694], N4
[118, 33, 3.5757575757575757, 1.4545454545454546, 0.8181818181818182, 0.18181818181818182, 0.42424242424242425, 1.4848484848484849, 0.13225543109716953, 0.5625, 0.03125, -312.0248584880657], N4
[97, 28, 3.4642857142857144, 1.3214285714285714, 0.7857142857142857, 0.42857142857142855, 0.03571428571428571, 1.5714285714285714, 0.0873557480427978, 0.3333333333333333, 0.14814814814814814, -252.2641931559932], N4
[135, 37, 3.6486486486486487, 1.4054054054054055, 0.9459459459459459, 0.2972972972972973, 0.02702702702702703, 1.5675675675675675, 0.10823324039373806, 0.5555555555555556, 0.05555555555555555, -344.8289119114179], N4
[133, 32, 4.15625, 1.65625, 1.40625, 0.1875, 0.03125, 1.84375, 0.05234689024860548, 0.3225806451612903, 0.03225806451612903, -363.33994412805066], N4
[144, 45, 3.2, 1.4666666666666666, 0.7777777777777778, 0.5333333333333333, 0.0, 1.5555555555555556, 0.010802109141011233, 0.06818181818181818, 0.022727272727272728, -391.12233233257894], N4
[168, 36, 4.666666666666667, 1.6944444444444444, 0.9722222222222222, 0.6666666666666666, 0.19444444444444445, 1.8888888888888888, 0.07766863669046713, 0.45714285714285713, 0.02857142857142857, -407.95659094438037], N4
[121, 25, 4.84, 1.76, 1.0, 0.96, 0.2, 1.96, 0.08557829920650516, 0.5416666666666666, 0.125, -298.4071925738611], N4
[127, 28, 4.535714285714286, 1.5714285714285714, 1.25, 0.5357142857142857, 0.03571428571428571, 1.8571428571428572, 0.06602760062409525, 0.3333333333333333, 0.037037037037037035, -330.20583704411956], N4
[169, 33, 5.121212121212121, 1.878787878787879, 1.2121212121212122, 0.6363636363636364, 0.12121212121212122, 2.090909090909091, 0.04846938356605727, 0.34375, 0.0625, -432.2711921507948], N4
[168, 36, 4.666666666666667, 1.8333333333333333, 1.4444444444444444, 0.5, 0.1111111111111111, 2.0, 0.14204824164569477, 0.6571428571428571, 0.08571428571428572, -424.1626157157869], N4
[137, 31, 4.419354838709677, 1.5806451612903225, 1.1612903225806452, 0.6129032258064516, 0.0, 1.7741935483870968, 0.06441788029467403, 0.4666666666666667, 0.13333333333333333, -356.18942593512605], N4
[172, 28, 6.142857142857143, 2.3214285714285716, 2.1785714285714284, 0.5714285714285714, 0.21428571428571427, 2.8214285714285716, 0.05243510695191064, 0.4444444444444444, 0.1111111111111111, -474.9369558216902], N5
[136, 27, 5.037037037037037, 1.9259259259259258, 1.7407407407407407, 0.6296296296296297, 0.0, 2.111111111111111, 0.03675569259312173, 0.2692307692307692, 0.11538461538461539, -344.6623549736185], N5
[205, 33, 6.212121212121212, 2.272727272727273, 1.7878787878787878, 0.9393939393939394, 0.06060606060606061, 2.6666666666666665, 0.026629348209994765, 0.25, 0.0, -511.5014903478564], N5
[138, 28, 4.928571428571429, 1.6785714285714286, 1.6428571428571428, 0.6785714285714286, 0.03571428571428571, 1.8928571428571428, 0.03707710641630941, 0.18518518518518517, 0.0, -365.6714763565899], N5
[199, 37, 5.378378378378378, 2.1621621621621623, 1.2972972972972974, 1.0810810810810811, 0.02702702702702703, 2.3513513513513513, 0.10473791867967903, 0.4166666666666667, 0.05555555555555555, -498.1862691720904], N5
[148, 30, 4.933333333333334, 1.8333333333333333, 1.2666666666666666, 0.6333333333333333, 0.16666666666666666, 2.066666666666667, 0.07672065470263162, 0.4482758620689655, 0.0, -382.36092268757227], N5
[221, 34, 6.5, 2.323529411764706, 2.088235294117647, 0.9411764705882353, 0.20588235294117646, 2.8529411764705883, 0.12003030959911191, 0.9090909090909091, 0.3333333333333333, -563.7723399578449], N5
[194, 30, 6.466666666666667, 2.2666666666666666, 2.2333333333333334, 0.8, 0.13333333333333333, 2.6, 0.0600278313117184, 0.41379310344827586, 0.10344827586206896, -476.31464953631365], N5
[123, 30, 4.1, 1.5333333333333334, 1.2, 0.6333333333333333, 0.03333333333333333, 1.6333333333333333, 0.061985654542691455, 0.2413793103448276, 0.06896551724137931, -337.6324528274602], N5
[150, 30, 5.0, 1.7333333333333334, 1.3, 0.7666666666666667, 0.03333333333333333, 1.9, 0.08112949265310396, 0.41379310344827586, 0.0, -388.349031666406], N5
[151, 30, 5.033333333333333, 1.9666666666666666, 1.4333333333333333, 0.7333333333333333, 0.1, 2.066666666666667, 0.035191080308612115, 0.20689655172413793, 0.034482758620689655, -389.9886537376902], N5
[189, 37, 5.108108108108108, 1.837837837837838, 1.162162162162162, 0.6486486486486487, 0.13513513513513514, 2.081081081081081, 0.051429161585983145, 0.2777777777777778, 0.1111111111111111, -491.1250595225474], N5
[190, 27, 7.037037037037037, 2.4074074074074074, 2.5925925925925926, 0.6666666666666666, 0.037037037037037035, 2.740740740740741, 0.11319421847274384, 0.8846153846153846, 0.34615384615384615, -526.1145970681755], N5
[163, 31, 5.258064516129032, 1.7741935483870968, 1.3870967741935485, 0.967741935483871, 0.0, 2.032258064516129, 0.060954792094149175, 0.36666666666666664, 0.03333333333333333, -419.47921440131665], N5
[182, 31, 5.870967741935484, 2.2580645161290325, 1.3870967741935485, 0.9354838709677419, 0.12903225806451613, 2.5806451612903225, 0.08412626941705323, 0.6, 0.03333333333333333, -464.72195359505804], N5
[131, 29, 4.517241379310345, 1.6551724137931034, 1.0689655172413792, 0.7931034482758621, 0.20689655172413793, 1.8620689655172413, 0.06917022595635691, 0.25, 0.07142857142857142, -339.2591995019572], N5
[222, 33, 6.7272727272727275, 2.272727272727273, 2.242424242424242, 1.3636363636363635, 0.06060606060606061, 2.727272727272727, 0.0925133756597999, 0.6875, 0.03125, -602.1718393424006], N5
[163, 34, 4.794117647058823, 1.6176470588235294, 1.3823529411764706, 0.6764705882352942, 0.029411764705882353, 1.7352941176470589, 0.07263153819699308, 0.42424242424242425, 0.030303030303030304, -426.3118776417975], N5
[205, 30, 6.833333333333333, 2.566666666666667, 2.0, 1.0333333333333334, 0.06666666666666667, 2.933333333333333, 0.06943328472453421, 0.6206896551724138, 0.06896551724137931, -534.917903928748], N5
[171, 33, 5.181818181818182, 1.878787878787879, 1.4848484848484849, 0.5151515151515151, 0.0, 1.9696969696969697, 0.06312086466251926, 0.5, 0.09375, -453.13957695514296], N5
[216, 40, 5.4, 1.875, 1.125, 0.975, 0.05, 2.125, 0.04395700586414929, 0.28205128205128205, 0.0, -563.3271836357825], N5
[184, 33, 5.575757575757576, 2.0303030303030303, 1.4545454545454546, 0.6060606060606061, 0.12121212121212122, 2.272727272727273, 0.05434634405221186, 0.34375, 0.0, -482.36536746514656], N5
[166, 32, 5.1875, 1.875, 1.0625, 0.75, 0.09375, 2.1875, 0.027827403852293126, 0.1935483870967742, 0.0, -444.71426173384793], N5
[182, 42, 4.333333333333333, 1.619047619047619, 1.2142857142857142, 0.6428571428571429, 0.09523809523809523, 1.8095238095238095, 0.04663145230523953, 0.2682926829268293, 0.024390243902439025, -517.2744787711791], N5
[187, 42, 4.4523809523809526, 1.6428571428571428, 1.1428571428571428, 0.7142857142857143, 0.07142857142857142, 1.8333333333333333, 0.0739347067078355, 0.36585365853658536, 0.04878048780487805, -476.2547818645294], N5
[171, 36, 4.75, 1.6388888888888888, 1.2222222222222223, 0.4722222222222222, 0.2222222222222222, 1.9444444444444444, 0.05650108809474087, 0.34285714285714286, 0.11428571428571428, -463.24555011617724], N5
[168, 48, 3.5, 1.6666666666666667, 1.0, 0.4791666666666667, 0.125, 1.7083333333333333, 0.026058245043586486, 0.1276595744680851, 0.02127659574468085, -459.91130128824136], N5
[168, 38, 4.421052631578948, 1.6842105263157894, 0.9736842105263158, 0.7894736842105263, 0.02631578947368421, 1.736842105263158, 0.0830300062934663, 0.4864864864864865, 0.10810810810810811, -424.6549701535627], N5
[187, 34, 5.5, 1.9705882352941178, 1.5588235294117647, 0.6470588235294118, 0.11764705882352941, 2.3529411764705883, 0.1036730430538466, 0.6060606060606061, 0.12121212121212122, -498.6941170233827], N5
[179, 45, 3.977777777777778, 1.5777777777777777, 0.8222222222222222, 0.7777777777777778, 0.06666666666666667, 1.7777777777777777, 0.036881329424956116, 0.18181818181818182, 0.022727272727272728, -475.9482950767153], N5
[165, 34, 4.852941176470588, 1.7352941176470589, 0.9411764705882353, 0.9117647058823529, 0.08823529411764706, 2.0, 0.037074783919579406, 0.24242424242424243, 0.0, -442.66409640723487], N5
[237, 51, 4.647058823529412, 1.6274509803921569, 1.0, 0.8823529411764706, 0.0392156862745098, 1.7843137254901962, 0.07676244676527919, 0.44, 0.04, -625.8766624015029], N5
[215, 44, 4.886363636363637, 1.75, 1.2727272727272727, 0.7727272727272727, 0.045454545454545456, 1.9318181818181819, 0.03414264181143446, 0.27906976744186046, 0.0, -550.0262619142619], N5
[247, 45, 5.488888888888889, 1.9777777777777779, 1.511111111111111, 0.8666666666666667, 0.08888888888888889, 2.2888888888888888, 0.10745189973741867, 0.6363636363636364, 0.13636363636363635, -653.6365810035838], N5
[213, 44, 4.840909090909091, 1.9318181818181819, 1.1136363636363635, 0.9545454545454546, 0.09090909090909091, 2.272727272727273, 0.0336664088942398, 0.18604651162790697, 0.046511627906976744, -561.7904589897873], N5
