13 46 74 111 143 188 224 249 277 310 346 377 419 455 503 541 575 620 654 705 749 794 838

408 399 400
399



399 400

401 399
399 400
398 399 400
399
399

398 399 400
398 399
399 410

398 399 400
398 399
399 400
402 399 410
398 399 416

415 299
398 401 399 400
401 399


415 298

398 399 400
399 400

399

399 400

13
399
399 416

415 27

384 398 399 400
399

398 415 403 400

413 403

415 403
399 400

415 44
398

398 399 400
399 410


399 410

398 403
413 415 403
399 410
408 407 403 400
408 407 399
398
189
399 400


225 403

398 399 400
401 399 416



398 399 411 400
14
398 14

399 400
189

413 414 188
404 188 400

413 415 188
402 188

234



404 188 416

399

399 400
399
14 410
188 416
401 413 188

13 416
399 416


399 410


399 410

417
193
398 404 399 400
404 399
48

44
399 416

398 406 399 400
399

415 529 27

415



398 175 399 400

401 398 399 411 416
175 399 410
402 404 399
401 398 175 399 400

14
401 398 399 411 400

401 415 191

191
413 410 423 398 81 416

415 188
415 225 191 410
403 405



398 399 411 410

401 415 424 399 400

399 416

403

404 403 416

399 400


188 405 410

398 423
403


398 412 403 400

403 416


191

399
403 405
399 400

415 48


398 401 401 399 400

398 399 400
413 388
401 398 415 475 192 188
399 410
398 399
401 192 403
404 423
399 410
398 234 400

398 192 403
192 403
404 403
399
399 400

404 403 410

192 403 410

403 405

415 192 403 400
402 192 189

401 415 192 403
399 400
404 403 405
175 166 44
399 410
402 45 399 400


403

413 415 44
399 410
404 403 400
414 404 403
402 414 304 403

398 404 414 192 188
399 410
400 224 48
402 196 304 403
399 410
398 389 404 399 400

413 403
400 48

415 476 191
48


402 414 192 188 405
169 423


398 404 413 400
399 400
189

398 175 414 192 188
401 415 529 411 405
166 44


186 399 400
399
408 405 408 294
399 411 410
253 401 399 416
399 400


415 188 400

192 189
193

384 415


415 414 415
399
188
169 188 410


398 403 400
400 440 399 404
192 189
399 410
414 414 401 404 302 414 304 403 400

401 404 414 304 403

398 401 398 414 192 188 416
399 400

398 403 400
402 189
404 425 405
403
399 400

415 225 403 416


405 406 401 415 27

186 399 400
399
414 401 404 403 404
389 415 27
413 45 399 400

406 422 403 400
422 399

399 410
398 399 411 400
175
413 415 432
415 188
399 410
402 168 399
401 398 175 399 400
399 411
450 188 404
415 192 188

415 403
398 399
398
188




398 413 400
401 399
399 400
398 165 411 391 404 305 403 400

189
418 404 423
417 460 399 416
414 413 399
398 401 399 400
399
191
402 399 416

168 399

404 46 410

404 204
411 204 400
415 415 166 411 204
411 206 414 304 403
399 400

47


411 404 302 399 416

404 204
398 404 175 204

399 400
402 403 410
399 410

401 404 439
425 204 404

425 404 302 211
188
398 415 413
410 191

188


399

414 403
401 415 411 204 404
399 400

423
48
458 403 400
398 425 204 404
428 414 304 403
399 400
398 399 400

401 398 399 400
399 410
188
398 404 204 400
209 399 405
417 394
402 394
413 411 391 404 305 403 400

411 391 404 305 403
405 458 403 400


191




413 415 192 204 400

192 403
399 400
404 399 400
404 404 403 416
209 399 410

220 403
401 398 404 414 304 403 400

398 415 476 192 405
415 449 399 400
398 53 410






45


417
389 404 175 206
404 428 385

53 405 476 220 423
416

209 417 399 410

404 411 204
192 403 416
402 404 473
398 415 402 411 204 416
398
398 451 14
405
473

398 404 398 399 416


401 398 415 425 204 416

401




401 401 243 280 206 429
425
385

404
402 423 414 423 411 405


401
219 416



219
411 405
425


398
417 428 416
428 410
398 195
398 404 405
415 388 416

398 399 400
428
401 399 416


45 399 400




401 399 404
175

401 404 399 410
417 204

415 423
403

458 425 423 399 411
411 204 400

423
411 204

399 416
415 449 399 400



415 406 1
415 411 404 425 204
188 410
414 399 410

415 411 204 404
399 400
422 399
415 408
411 414 304 204 404

191
423 220 403

398 188 400

404 214 411 204
175 204 410

399
169 423 399 411

192 403 410

215 188 405

399 410
411
403

188 400

401 95 169 188
401 404 425 204
399 410
401 401 398 404
415 15 209 399 416
399 416
401 398 402 394
402 394
399
200 204 400
449
404 414 304 411 204

413 411 416
404 190 423 425 429
428 411
192 468

451 410 192 425 209 428 416
398 428 473

423 414 402 425 436
400
428 449
420 415 429

400 473

398
413 458 425 209 428
194 414 169 405
416

403

404 192 405
219 423

401 398 192

192 189
48

401 415 414 416


415 445 411 204


399

404 216 188 410
428
388

415 225 403
398 401 474 413
411 416

175 399 410
398 404 390 212
415 444 389 398 428 410


445 204 416
402 401 398 415 411 416
60 473
398 404 219 405

403



399 411

166 214 423
415 228 411 390 450 414
445 423 410

194 411 211
428 429
404 206

400 190
194 403 400

388 400

459 399 400
399
384 415 166 194 403 400

412
194 403 449
406 214 423

398 236 423 188
404 423 175 416
425

394
402 194 192 211 405
428 192 228 416

398 219 403
231

415 411 204 404
404 425 399



401 210 403
188
414 403
415 423 403 400
192 468 399 410
188
175
403 400


189

495 404 189 439

1
398

439
455 168 204 404
399 400

14

418 437 398 400 1
404 204 429
181 204
401 399 410
401 415 449 403 416
415 166 204 400

415 280 304 192 204
194 403 416

399 410
415 192 403 400

192 411 405
415 208
445 411 204

406 193

404 209 399 410
232 403


399
458 188

400 458 411 204 400
414 413 448 411 402 46

411 404 302 399 416
398 475 218 411 204 400

398 413 449
415 475 411 49 192 425 204

408 407 411 400 192 403 400
428 411 405

407 399
398
411 204 410


404 428 411 439
411 204
192 458 423
404 200 204 400


401 405 404 188 416
404 411 439
207 209 399

175

415 172 188 405

399 411 410


474 413
391 402 305 188
417 210 432
411 204
398 404 423
399 410

386
398 404 463 192 425 399


417 206 405
219 423 416

219 455
423
194 206 405

15
414 398 415 466 213 168 385
401 243 428 411 405
466 214 200 385 416
411
411

402 411
402 401 408
428 411

398 175 429
404 411 217
401
428 414 304 399
391 425 416
53 429
401 391 415 192 206 416
401
417 463 423
404 425 468
402 428 429
402 428 414 304 416
466 432
415 432
404 212 473
402 401 408
423 411
398 413 411
401 402
466 213 168 473

413 415 389 398 209 428 410
404 425 169 414 169 410

415 449
225 403 405


194 188

402 404 423
175 416
222
401 391 415 208 410

402 191

398 247 195 388 400
426 410

417 391 404 305 411 410
209
401 408 458 411
404 401 415 423

458 432
404 411 415 466 458 423
415 432
411 408
458 411
398 415 458 423
175
404 405
402 172 411 410
428 410

413 410

402
423 175
209 417 208


197
404 423 225 406
192 405
