21 41 58 79 102 126 149 173 195 218 240 270 291 321 355 385 409 434 463 489 521 561 592 624 652 679 712 740 777 807 841 871 901 931 961 998 1025 1056 1087 1116 1149 1183 1213 1246 1286 1319 1351 1393
401 399 400

399
399 400
399



399


399 400

398 13
399
399 400



399


398 399 400
399 400
401 399
398 399 400
401 399
398 234 400
399




399 400
234

401 399 400

401 399
401 399

398 399
398 399
398 399 400
399 400
398 399
398 399 400
402 399
401 398
401 398 399
398 399 400
399
401 501 399
401 398 399 400
399 400
399
399 400
399

398 403 400

399
404 403 400

414 401 404 403
401 398 399
401 398 399 410

399
401 401 401 404 403
401 398 399 400
401 398 399
383 402 399 400

398 399
383 398 399 400
398 403
383 398
404 403

401 501 398 186 399 400
401 399
408 405 399 400
408 405 399


408 399 400
408 234
399 410


188
398 403 400
398 408 407 399
398
398 408 407 399
398 403 400
408 399
408 405 408 406 403
398
398 189
414 398 399

398 412 188 400

407 399
188 400
399 400
399
406 413 188
405 406 423 188
398
402 399
405 413 412 188
188 400
408 407 399

398 188 400

414 412 188

399 400
412 188 400
401 408 399
408 399 400
398

399 400

414 403
398
413 384 414 415 501 188
399 400

398 418 413 400 415 403
399 400

398 418 412 403 400



403



415 299
398
402 415 299

415 188
401 399 400

413 188 416
186 399 400
401 399
403 400


398 413 403
188

415 188
398 188 400

402 402 188 416
399 400
175 399



401 399
188


398 399

398 459 399 416
415 298
398 399

167 399 400

399
404 399 410

399 410



398 399 400

398 401 399
402 403 400

167 399 410
412 188
399 400
401 398 399 411 400
399 411

398 2

401 399
399 411
452 398 399 410

398 399 410

401 398 404 399
399 416
399 400

402 189 410


398 404 403 400
401 417 401 399
401 402 389 404 403 416
398 418 404 399 410

401 402 403
418 402 403 400

413 403
398 404 189 405
399
398 403 416
399 400
401 413 401 404 403 405
401 384 398 404 399 400


403 410
398 399 400
399 416
417 399 410

188 400


398 384 415 403 400

384 398 399 405
403 416
414 414
404 399 400
402 399

404 399
398 404 403 410
404 399 400

398 420 401 404 302 399

402 403 416
398 401 404 399 410



467
403
404 404 403 400
399
402 403 400

415 403
415 403
404 399 400
402 399 416
398 401 404 399 404
414 401 384 412 166 403
402 399 400

399 400

398 384 412 403 400

398 501 422 403
402 403


415 27
404 399 400
398 384 402 402 399
398 413 399 405 410
418 398 399
401 384 398 422 399 400
398 400 399 410
398 422 399 416

398 399 410

404 188
401 399 410
191
399 410
188 400
413 415 423
188

412 190 188
399 400
399 410
402 188

401 412 423
415 403
399 400
402 5

415 403 400

413 415 190 403

401 415 452 403 410
404
415 191

413 403 400

191

399
188
404 403
415 45 399 400

399
415 423 398 81 416

188

398
413 415 192 403
403

188 400

399

190
191


399 410
210 423
415 191
423 398 81 416
188

415 403
423
191


423 417 399 410

401 417 401 413
401 455 399
404 413
404 399 410
401 404 417 268 403 410
398 405 423
402 399
401 404 403 405
404 399


398 403 400
191
192 403

398 399 404
398 399 410

404 423
404 423
399
401 423 404 403 410
398 399 400

398 401 399 416
399 410
399 404
398 13 416
398 415 188 400
414 399
399 400

168 399
398 403 400

404 399 410
404 399 400
413 404 399 410

398 399 400

399 410
210 44

404 399 400
424 399 416

384 398 399 400
384 415 192 403
193
384
168 399

398 501 403 400

398 404 169 403 405
423 501 403
422 169 403 400
401 400 194 403
399 400
402 404 169 188
414 414
404 399 400
404 302 399 410
403 416
399 400

195 403
401 399
384 172 403 416
194 403 405
404 403


405 408 406 169 403

193

399 405
399
15 399 416
398 399 405


191
47
15 399 416
402 403 405

398 399 400
402 188 404
399
399 400
194 188 416
399 400

194 168 399

425 455 16 410
403 400

398 45 399 400
399 416
495 401 398 47
399
47

398 412 403 400

401 404 399 405
189

400 412 44
401 412 193 416
401 415 391 404 303 403 416
398 399 411 400
175 399 416
398
398 415 391 404 303 403 400

413 398 401 413 415 403
401 398 404 399 199
402 391 404 303 403 400


401 398 210 198 405
399 400

191
399 416
404
191
48
425 404 302 399 405
193

398 415 403 400
401 413
400 166 411 391 404 305 403
398 408 399 410
398 403 400
415 411 413
403 400

400 403 400

415 48

399 416

423 384 415 411 404 302 399 410
398 14 404
175 399

193

402 399 404
402 399 410
398 415 411 391 404 305 403 400

402 46
168 399 410

412 415 166 191

399

450 414


411 385
405 411
405

426 416


412

385
428 416
410
401
398 422

398 400 217
426 410
413 385

402 428 416
501 415 429
398 217

398 404 429
398 416
411

416
384 405 399 400


188

401 2 405

415 400 188 400
398 399 400
399 410

167 399 400
432 432
403

428
415 423
404 403 416
401 398 399 411 400
432 415 423
175 399
186 400 188 400

398 413 188
383 398 404 403 400
398 403 404
398 400 399 410
412 411
403 400
422 168 399 410
404 175 399 405
415 403 400
403 400
49
189
432
403
234 410
188
194 188
465
399 411 404
175 399 416
398 399 404
414 192 188 416
399 400
231

403

399
404 411 204 404

404 411 204 400
399 410



412 191

403
415 193

384 413
402 412 168 414 304 403

415 423

398 413 193
398 399 411 410

422 191
269 193
417 399 410
398 414 415 413
406 409 422 399


401 399 410

399
401 411 399
401 404 417 204 400

399
398 401 404 417 404 403 416
398 399 400
398 411 399 410

192 403 400

398 401 399 416
404 169 188 410

192 398 399 404
398 403
398 413 404 399 405 410
403 423
399

399

398 401 404 425 204 410

417 204

389 415 403
413 398 389 404 417 204 400

399 416
398 401 401 398 425 204 400

415 432
402 403 404
423

401 401 398 399 410

399 405
422 391 404 303 211

391 404 303 53 416

398 389 415 47 410

415 192 408
401 404 192 389 415 188

384 404 175 211

418 415 192 188
401 399 416
415 192 402 211

188

444 415 192 402 188 416
408
415 188 404
402 399 400

401 404 399 410

401 415 192 384 402 415 204 400
399 416

398 404 204
455
408
414 412 188

415 411 204 400

398 444 404 415 389 415 192 188
401 408
402 413 415 423 403
418 401 415 389 398 404 399 199

398 411 385

417 204

415 215 188

418 402 414 214 192 403

392 404 188
398 175

401 399
399 400
398 192 403
417 204 400

415 213 403 416


398 399 410

414 404 214 403
398 411 204 400
501 188
215 403
398
404 188


386 416



386

420 401 386 414 389 398 399 416
428 410
398 191 414 196 410

188

399 411
408
401 404
387 467 414 389 415 188
398 204 410


398 189
191 208 414 411 404 302 399 416
415 423
423 208 467 437 415 192 402 188
399 400
424 398



414 423 415 189 405
399 410


455 413 401 404
389 415 188
417 418 404 425 398 45 204
401
413 280 304 192 204 404
399 410
412 204 400
412 280 304 403

416

388 50
404 411 204
400


425 387

411 405
388 400

193
404 439
280 304 204
399 410
398 404 417 439
399
404 399 410
398 401 399 405
398
402 413 399 416
401 402 399 416
398 415 166 280 304 192 403
415 404 423
404 415 192 204 416
399 400
413
399
398 413 411 404 204
401

399 410

415 168 424 204
401 415 391 404 305 204 404
400 404 423 403 410
405 419 414
404 403

424 391 404 303 390 51

424 391 404 303 403

399 404
402 204 400
413 391 404 305 403

196 408 398 391 404 303 425 204
194 280 304 192 204
194 414
400 402 404 204 400
401 402 391 404 303 204
408 51
194 403

196
401 404 403 410

401 401 398
415 401 268 440 399
398 51
82
398 428 209 399 416
398
401 401 209 399
402 247 194 411 204 404
398
402 404 423
232 247 195 188 416
401 82
401 413 415 209 399

402 207 436 192 188

398 399 410

436
399 400
190 411 391 404 305 403 404
417 399 416
401 413
415 192 209 399

415 247 194 53 410


415 280 304 192 403
216 411 429
398 192 447

413 426 410


234



402


216 188
399 410


384 209 413
399

209 417 399 410
399 400
418 404 192 403 404
398 399 416
398 417 439
384 415 423
280 304 192 204

404 423 425 387
215 193
415 221
219 401 384 415 219 188 416


404 384 417 204 416

218 403 410

209 417 211

413
389 411 391 46
398 401 398 211


398 413 220 403
402 398 218 403 405 410

398 219 191
405 413
403 405 410
216 188
399 410
399 410

195 193

402 218 204 404
403 400
403 416

384 404 449
214 44
450 413 399 400

422 191

415 389 404 399 410

413 398
398 222
413 423 403
424 399 416

401 222
425 204 404
449 169 390 51
402 414
194 403 416
404 449
403 416
401 415 423


403 410
398 222
422 451 391 404 303 189
398
404 411 428 449
398 399 416
400 417 404 44
401 399 416

413 415 192 389 404 211


404 192 389 404 411 204 410
398
401 188 400

398 404 425 423
188
398 399 400
211

399

398 189
398
413 412 403 416
398 401 402 500 192 423
399 410


398 401 384 404 211
417 204 416
415 463
192 454 192 188

402
402

412 190
383 414 400 412 188 400

398 423 226
412 402 425 204 416
406 422 399 400
415 455
422 399
428 399 410
424 391 404 303 204 400
404 399
404 192 403 405
398 401 401 401 399
405 423
417 399
414 457 413 411 391 404 305 403 404
414
404 399 410
401 414 204 400
401 398 498 403
413 398 398 234 405
401 398
415 204 416
400 384 415 280 304 204 404
384 428
457 457
403 416
399 400

424 388 217
455
402 384 404 414 304 403 416
404 399 410

398 401 417 399
404 192 399 405
398 425 62 191 410
188

398 458 403 400
399
192 403 404
458 403 416
398
404 458 423
399 410


404 418
401 404 411 398
415 62 192 204 416

458 403 400

399
399 405
415 191 410
398
418 404 423
404 216 188
399 410
417 204
413 398 404 458 398 398 169 188
495 398

401 221 402 411 391 404 305 204 416
417 204 400
417 399 410
204 400

403 416
415 225 48
415 131 391 404 303 189 405
224 193
405 398 404 204 400


398 404 192 221
406 196 304 403 404
398
414 423
401 194 411 399
209
398 415 423
168 414 304 192 411 204
412 423
415 208 391 398 303 189 416
404 413
399 410
403 410

415 144
415 44
399 410

423

402 411 323 399
399 400
175
398
460 399

404 225 403 416
413 192 191

209 399 410

411 226
406 398
401 411 415 404 387 178 192 188

399 411 400
175 399
179 411 226
401 404 192 403

398
428
399

401 242
414 415 192 460 399 416



175 399 410

188 416
413 55 204 404
458 423
401 398 399 410

417 204
402
401 413 415 458 192 403 416

458 423 400 458 411 204 400

405 458 411 401 404 436
458 188
458 411 398
192 389 398
401 83 458 411 218
404
405 384 406
404

414 401 83 404 458
398 405 458 63 411
405 84 413 458
417 404 458 192 448
404 411 414 458
401 398 402 404 458 404
458 389 398
414 458 411 218

405 404 411 206 429
404 192 425 209 428 416
399 410
404 411 228 404

387
464 398 306 399 416

413 411 204
401 412 404 411 439

411 204 400

398 399 411 405
401 55


192 188
404 411 462 428 411 204
428 411 204 400
175 399
214 411 463
144
399 411

465
402 264
216 423

415 220 403
398
228

401
215 48
414 415 466 440 399
398 399 404
414 402 399

399 400
180 423 417 495 404 414 403
401 415 466 495 404 399
398 181 439
411 404 302 389 187 51

435 54

398 211
415 44
418 467 401 415 391 402 303 189 404
404 425 398 401 404 181 414 304 403

399 404
401 495 404 399


414 415 411 417 415 220 188

400 466 192 403
435 398
404 302 414 403
401 404 423
495 404 423 414 304 403


404 401 459 399 410



414 413 411 204 404
404 468 417 204 416
404 411 390 51
222 393 399 404
401 402 469 399
404 192 423
404 468 399 410
417 204

402 411 459 399

414 401 415 188 410
404 439
398
413 459 399
404 400
399 410
470 423
404 425 169 53 416
428 414 204 404
413 398
401 401 415 192 469 399 416
399 410
393 404 413
399 410

402 469 399 416

55 416
404 401 399
458 192 403 410

455 419 428 473
192 411 391 404 305 204 404
180 399 416

192 411 204 400

460 399
455 419
401 416 393 404 403 416
428 394
404 394
192 403 410
398 400 404 413
404 55 405 410
455
400 404 411 204 199

405 406 401 404 548 188 405
402 55 394
224 414 304 403 416

404 55 410
169 209 399 410
48


193
402 394
402 428 394


404 55 204 404
399 400

400 224 193

401 415 204 199

401 230 398
401 415 168 439

18


468 417 460 399 410
423
423
401 402
180 414 304 403 416
389 398 175 18

175 399 410
401 415 192 471
413 401 404 308 192 188 416


195 48
398 414 423
404 204
404 399 400
401 415 192 459 399 410

398 168 414 304 192 411 204
230 404 403 199
400 420 44

412 193
469 460 399 416
384 398 194 188 400

401 413 55 416

403 400

415 194 403 400
428 387
412 388 400
220 168 405 387
401 405 231
423 410
398

398 401 404 411 399


56


404 192 411 401 399 404
215 280 304 204 404

404 235 188 416
399 400
175 399
236 423

398 402 194 389 447

412 398 264
401 401 413 458 399

399
405 194 403
415 411 226
402 402 189 404
403 439
383 403
192 403 416
465

193

241 403

401 414 403
411
188
194 240 403

398
384 415
188


472 413 398
401 415 224 417 204


415 168 203 404


415 57 403
399 400

401 403 400
428 398 536 403 404
188

414 403

401
232 403
